0 0.235676 0.901572 0.102929 0.139489
0 0.361638 0.901572 0.104369 0.149312
0 0.488320 0.900098 0.105808 0.144401
0 0.607444 0.892240 0.106528 0.152259
0 0.170176 0.760118 0.104369 0.143418
0 0.296858 0.763556 0.104369 0.134578
0 0.427139 0.755697 0.102929 0.146365
0 0.549502 0.754715 0.102929 0.152259
0 0.114105 0.632515 0.103649 0.140472
0 0.235748 0.622692 0.102209 0.144401
0 0.370348 0.617289 0.099330 0.149312
0 0.487672 0.618762 0.102209 0.142436
0 0.060841 0.500393 0.100770 0.151277
0 0.180325 0.502358 0.102209 0.131631
0 0.302688 0.485658 0.099330 0.145383
0 0.122382 0.358939 0.101489 0.149312
0 0.243306 0.358939 0.100050 0.143418
0 0.363150 0.355010 0.097891 0.151277
0 0.485153 0.357957 0.098610 0.139489
0 0.181405 0.232220 0.100050 0.129666
0 0.316004 0.228880 0.097171 0.137525
0 0.434049 0.227898 0.100050 0.141454
0 0.255182 0.103635 0.097891 0.140472
0 0.372507 0.092829 0.099330 0.130648
0 0.493719 0.093320 0.096451 0.145383
0 0.616082 0.099214 0.102209 0.155206
0 0.733047 0.093320 0.097171 0.139489
0 0.551301 0.226424 0.097891 0.140472
0 0.671505 0.225933 0.097891 0.149312
0 0.789190 0.221513 0.098610 0.140472
0 0.606365 0.347741 0.100050 0.155206
0 0.730527 0.347741 0.100770 0.153242
0 0.846772 0.338409 0.100050 0.160118
0 0.675464 0.485756 0.101489 0.138507
0 0.606005 0.618369 0.102209 0.132613
0 0.737005 0.894695 0.102209 0.149312
0 0.672225 0.745874 0.103649 0.152259
0 0.811143 0.764538 0.103649 0.140472
0 0.735206 0.622593 0.102929 0.139489
0 0.793508 0.489489 0.100050 0.138507
0 0.857929 0.617191 0.105088 0.150295
0 0.918247 0.470334 0.106528 0.161100