0 0.248011 0.805419 0.103101 0.107236
0 0.372591 0.805419 0.103882 0.113785
0 0.497171 0.803782 0.101538 0.110511
0 0.614721 0.797642 0.099195 0.114604
0 0.185526 0.698183 0.103101 0.110511
0 0.310497 0.701048 0.103101 0.104781
0 0.435467 0.694090 0.106225 0.112148
0 0.556141 0.694499 0.102319 0.112967
0 0.128509 0.600360 0.101538 0.106418
0 0.075787 0.501310 0.102319 0.111329
0 0.248011 0.595858 0.101538 0.107236
0 0.194508 0.503356 0.100757 0.099050
0 0.312840 0.491896 0.098414 0.112148
0 0.379621 0.591356 0.097633 0.112967
0 0.495609 0.592174 0.099976 0.109692
0 0.611597 0.591765 0.099195 0.102325
0 0.739301 0.797233 0.103101 0.113785
0 0.675644 0.688360 0.097633 0.112148
0 0.812331 0.701866 0.105444 0.101506
0 0.737348 0.593402 0.099195 0.110511
0 0.679550 0.491077 0.097633 0.103962
0 0.860366 0.588490 0.106225 0.115422
0 0.796319 0.493533 0.099976 0.103962
0 0.920117 0.479617 0.102319 0.118697
0 0.847869 0.379748 0.101538 0.118697
0 0.734224 0.386706 0.097633 0.117878
0 0.791632 0.292158 0.098414 0.103962
0 0.611988 0.389162 0.096852 0.112967
0 0.677206 0.294614 0.096071 0.115422
0 0.735396 0.198019 0.096852 0.108874
0 0.493188 0.389162 0.097633 0.109692
0 0.556454 0.295023 0.097633 0.108055
0 0.621282 0.199656 0.100757 0.118697
0 0.374075 0.392027 0.098414 0.113785
0 0.443199 0.297069 0.094509 0.107236
0 0.500608 0.194745 0.098414 0.108874
0 0.256369 0.396529 0.096071 0.109692
0 0.135694 0.394892 0.099976 0.114604
0 0.193884 0.297888 0.094509 0.097413
0 0.326665 0.298297 0.096071 0.104781
0 0.266913 0.202931 0.096852 0.107236
0 0.380558 0.195972 0.099195 0.099869