0 0.255092 0.129563 0.101629 0.137525
0 0.376079 0.119222 0.101629 0.129252
0 0.498277 0.119222 0.097596 0.139593
0 0.624103 0.124393 0.100823 0.147865
0 0.180887 0.250543 0.098403 0.123048
0 0.315989 0.250026 0.102436 0.132354
0 0.437783 0.249509 0.097596 0.137525
0 0.557964 0.246407 0.099210 0.139593
0 0.679757 0.247441 0.099210 0.147865
0 0.120312 0.374212 0.102436 0.141661
0 0.244929 0.376797 0.101629 0.140627
0 0.364303 0.370075 0.101629 0.149933
0 0.490533 0.371627 0.100823 0.138559
0 0.613940 0.363871 0.100823 0.147865
0 0.057802 0.509151 0.104856 0.140627
0 0.180806 0.511219 0.105662 0.128218
0 0.302600 0.495192 0.104049 0.145797
0 0.112246 0.637576 0.107275 0.136491
0 0.235250 0.627753 0.106469 0.137525
0 0.170724 0.757522 0.108082 0.138559
0 0.235653 0.894013 0.107275 0.138559
0 0.298970 0.761659 0.106469 0.134423
0 0.372369 0.622583 0.103242 0.141661
0 0.493760 0.623617 0.102436 0.135457
0 0.431250 0.754420 0.104856 0.140627
0 0.365513 0.892462 0.105662 0.143729
0 0.494163 0.891945 0.108082 0.142695
0 0.555866 0.751318 0.104049 0.142695
0 0.615554 0.882122 0.107275 0.147865
0 0.612972 0.621135 0.102436 0.129252
0 0.681129 0.746252 0.104856 0.147865
0 0.746462 0.883776 0.104856 0.143729
0 0.819861 0.761762 0.104856 0.131320
0 0.744849 0.626305 0.101629 0.131320
0 0.872289 0.619584 0.109695 0.144763
0 0.684355 0.495502 0.104856 0.132354
0 0.804536 0.498604 0.103242 0.130286
0 0.933185 0.480509 0.105662 0.156137
0 0.741219 0.361080 0.100823 0.148899
0 0.856157 0.353841 0.103242 0.150967
0 0.800906 0.239582 0.100823 0.129252
0 0.742832 0.120670 0.097596 0.139593