0 0.267724 0.127156 0.102174 0.140799
0 0.386654 0.118424 0.094817 0.132067
0 0.506811 0.118424 0.094817 0.140799
0 0.196611 0.250491 0.095635 0.127701
0 0.329437 0.249945 0.098087 0.137525
0 0.447550 0.247762 0.095635 0.137525
0 0.561576 0.246125 0.098087 0.136433
0 0.136941 0.377101 0.097270 0.147348
0 0.258733 0.376555 0.100539 0.137525
0 0.376437 0.371644 0.100539 0.145165
0 0.498637 0.373827 0.099722 0.138616
0 0.619202 0.366186 0.098904 0.142982
0 0.075637 0.512443 0.102174 0.145165
0 0.195793 0.515717 0.103809 0.127701
0 0.314315 0.500982 0.098904 0.141890
0 0.128767 0.643964 0.103809 0.137525
0 0.248924 0.633595 0.103809 0.138616
0 0.382976 0.628684 0.100539 0.146256
0 0.500272 0.627592 0.098087 0.137525
0 0.617976 0.627046 0.099722 0.132067
0 0.186802 0.767736 0.103809 0.141890
0 0.313906 0.769919 0.102991 0.133159
0 0.441828 0.763370 0.102174 0.141890
0 0.561985 0.762825 0.102174 0.142982
0 0.249741 0.904169 0.100539 0.139707
0 0.376846 0.904715 0.101357 0.140799
0 0.502315 0.901986 0.103809 0.144073
0 0.621246 0.894892 0.102991 0.151714
0 0.746715 0.894783 0.102174 0.146256
0 0.682550 0.755075 0.101357 0.148439
0 0.821915 0.773084 0.103809 0.134250
0 0.745898 0.633377 0.102174 0.138616
0 0.685819 0.500764 0.098087 0.135342
0 0.869324 0.627374 0.103809 0.148439
0 0.805159 0.504584 0.101357 0.132067
0 0.741811 0.363239 0.098904 0.150622
0 0.928993 0.485484 0.105443 0.152805
0 0.855837 0.357782 0.098087 0.152805
0 0.682550 0.245034 0.096452 0.151714
0 0.799437 0.240668 0.099722 0.134250
0 0.627785 0.123336 0.098087 0.150622
0 0.743446 0.121153 0.097270 0.144073