0 0.010382 0.972022 0.020763 0.021645
0 0.365480 0.926327 0.017637 0.016835
0 0.009179 0.764791 0.018358 0.019240
0 0.520603 0.665785 0.020042 0.020042
0 0.530624 0.864598 0.019240 0.018438
0 0.190717 0.503046 0.019240 0.021645
0 0.145022 0.481401 0.020843 0.020042
0 0.162658 0.472182 0.020843 0.020843
0 0.039602 0.415264 0.020042 0.022447
0 0.335418 0.221661 0.018438 0.021645
0 0.720218 0.966410 0.018438 0.020042
0 0.886965 0.978435 0.020042 0.016835
0 0.985971 0.680215 0.019240 0.020042
0 0.980760 0.644541 0.021645 0.022447
0 0.984367 0.503046 0.022447 0.023248
0 0.985971 0.280584 0.019240 0.024050
0 0.670515 0.185987 0.021645 0.022447
0 0.719096 0.917108 0.018438 0.017637
0 0.699455 0.888248 0.017637 0.019240
0 0.722703 0.891855 0.019240 0.020042
0 0.712282 0.872214 0.016033 0.016033
0 0.729246 0.864684 0.019461 0.018245
0 0.712218 0.853737 0.017029 0.017029
0 0.693061 0.869853 0.018853 0.018853
0 0.672687 0.875631 0.019461 0.018245
0 0.659612 0.889923 0.018853 0.016420
0 0.655051 0.870158 0.019461 0.019461
0 0.685155 0.852521 0.021286 0.019461
0 0.665694 0.853737 0.020069 0.020677
0 0.646841 0.852825 0.021286 0.018853
0 0.635590 0.868637 0.019461 0.020069
0 0.615520 0.866813 0.018245 0.017637
0 0.699751 0.837925 0.021286 0.018245
0 0.721036 0.836405 0.018853 0.018853
0 0.740193 0.836100 0.019461 0.018245
0 0.676945 0.833364 0.019461 0.020069
0 0.657788 0.835492 0.020069 0.019461
0 0.625859 0.850088 0.020677 0.018245
0 0.607310 0.848568 0.020069 0.018853
0 0.576294 0.853737 0.017637 0.019461
0 0.589065 0.840662 0.020069 0.020069
0 0.624947 0.830019 0.020069 0.019461
0 0.605790 0.828498 0.018245 0.018853
0 0.645624 0.820288 0.018853 0.017029
0 0.664781 0.816335 0.019461 0.017637
0 0.691540 0.822113 0.019461 0.020677
0 0.710393 0.818464 0.020677 0.017029
0 0.731375 0.817856 0.020069 0.019461
0 0.772122 0.809037 0.020069 0.020069
0 0.738065 0.795962 0.018853 0.020677
0 0.718908 0.801739 0.018245 0.016420
0 0.700359 0.803260 0.020069 0.018245
0 0.679073 0.804476 0.021286 0.019461
0 0.655963 0.800523 0.020069 0.018853
0 0.635590 0.803260 0.019461 0.018245
0 0.618257 0.810254 0.018853 0.017637
0 0.599100 0.810558 0.019461 0.019461
0 0.582680 0.799611 0.018245 0.019461
0 0.562610 0.805084 0.018245 0.018245
0 0.728030 0.779846 0.018245 0.018853
0 0.708569 0.784711 0.019461 0.018853
0 0.691224 0.786231 0.017662 0.018245
0 0.668705 0.787448 0.017578 0.018245
0 0.653778 0.778140 0.017184 0.018541
0 0.633881 0.777461 0.020802 0.019898
0 0.619636 0.791480 0.019446 0.017184
0 0.599738 0.787862 0.018541 0.018089
0 0.580744 0.780175 0.018541 0.017184
0 0.560847 0.775652 0.020350 0.018993
0 0.612626 0.773617 0.018089 0.019446
0 0.594763 0.766382 0.021254 0.021254
0 0.574865 0.761407 0.016732 0.016732
0 0.698548 0.768417 0.019898 0.016280
0 0.679555 0.768417 0.018089 0.019898
0 0.661466 0.758694 0.018089 0.018541
0 0.677972 0.748519 0.017637 0.018993
0 0.697192 0.749423 0.018993 0.019898
0 0.714602 0.757111 0.018541 0.018993
0 0.734274 0.760955 0.019898 0.020350
0 0.753041 0.766382 0.017637 0.019446
0 0.626645 0.758468 0.018089 0.018089
0 0.607652 0.752815 0.018993 0.018541
0 0.589110 0.747162 0.018089 0.017184
0 0.587980 0.729073 0.019446 0.020802
0 0.607652 0.732465 0.019898 0.019446
0 0.626645 0.737892 0.018993 0.018541
0 0.643151 0.746710 0.017637 0.019898
0 0.661014 0.738118 0.018089 0.019898
0 0.641568 0.726586 0.018089 0.018541
0 0.623479 0.718898 0.018089 0.018541
0 0.621444 0.700357 0.017637 0.018541
0 0.688826 0.730882 0.017637 0.017184
0 0.662597 0.719351 0.019446 0.019446
0 0.681590 0.713020 0.018541 0.018541
0 0.667119 0.700357 0.017637 0.018541
0 0.659657 0.682494 0.018089 0.018089
0 0.689956 0.696287 0.018089 0.019446
0 0.713698 0.697870 0.018541 0.018993
0 0.699227 0.675033 0.018541 0.018541
0 0.729300 0.656266 0.017184 0.018089