0 0.348278 0.215817 0.021350 0.017637
0 0.144064 0.371299 0.021350 0.018565
0 0.166806 0.520746 0.020421 0.020421
0 0.203008 0.541632 0.018565 0.019493
0 0.250348 0.504502 0.018565 0.019493
0 0.009317 0.790967 0.018634 0.017637
0 0.010850 0.975002 0.021700 0.022238
0 0.358715 0.947780 0.017637 0.016870
0 0.521662 0.958899 0.018403 0.019170
0 0.517445 0.984587 0.020704 0.021471
0 0.545434 0.959282 0.018403 0.016870
0 0.540066 0.835825 0.018403 0.018403
0 0.540066 0.778698 0.019937 0.020704
0 0.756614 0.240856 0.018403 0.017637
0 0.985891 0.309869 0.019937 0.019170
0 0.978989 0.451729 0.021471 0.020704
0 0.984740 0.572886 0.020704 0.022238
0 0.983974 0.599341 0.019170 0.021471
0 0.828694 0.983667 0.018403 0.018403
0 0.580125 0.665207 0.019461 0.018245
0 0.567050 0.681932 0.017637 0.017637
0 0.650368 0.917898 0.018853 0.017637
0 0.638509 0.901782 0.019461 0.017029
0 0.658882 0.899045 0.018853 0.018853
0 0.687466 0.899349 0.018853 0.020677
0 0.704190 0.888098 0.017029 0.017637
0 0.684425 0.879888 0.018853 0.018245
0 0.665268 0.878064 0.018245 0.020677
0 0.647631 0.884753 0.020677 0.020677
0 0.636380 0.866204 0.018853 0.017637
0 0.616615 0.871678 0.019461 0.018853
0 0.616919 0.891747 0.020069 0.020069
0 0.585599 0.874415 0.018245 0.018245
0 0.599586 0.861035 0.017029 0.018245
0 0.672870 0.859515 0.020069 0.018853
0 0.692027 0.852521 0.019461 0.020677
0 0.709968 0.847960 0.017637 0.018853
0 0.730949 0.846439 0.019461 0.020677
0 0.697500 0.833668 0.020677 0.018245
0 0.677431 0.837925 0.019461 0.018245
0 0.659186 0.840966 0.019461 0.019461
0 0.639725 0.845831 0.019461 0.019461
0 0.645503 0.827890 0.018853 0.020069
0 0.665876 0.822417 0.020677 0.020069
0 0.685033 0.819072 0.018853 0.018245
0 0.720307 0.829107 0.020069 0.017637
0 0.707535 0.809645 0.018853 0.020069
0 0.726388 0.812078 0.017637 0.017637
0 0.753451 0.825762 0.018245 0.019461
0 0.777170 0.825458 0.019461 0.017637
0 0.783251 0.802347 0.019461 0.017637
0 0.761661 0.800219 0.017637 0.020677
0 0.733382 0.791097 0.019461 0.019461
0 0.751627 0.781366 0.020677 0.020677
0 0.734294 0.771635 0.017637 0.018245
0 0.750715 0.760080 0.018853 0.020677
0 0.716049 0.776197 0.018853 0.018853
0 0.690203 0.801131 0.020677 0.018853
0 0.671958 0.804780 0.019461 0.018853
0 0.651888 0.809645 0.020677 0.018853
0 0.633948 0.807821 0.018853 0.017637
0 0.605972 0.830019 0.017637 0.017029
0 0.613270 0.812382 0.020069 0.018245
0 0.595025 0.815423 0.018853 0.017029
0 0.571307 0.816031 0.018853 0.019461
0 0.697196 0.781974 0.020069 0.020677
0 0.677431 0.784711 0.019461 0.018853
0 0.658882 0.789272 0.020069 0.018245
0 0.639421 0.789272 0.020069 0.020677
0 0.619960 0.793529 0.018853 0.019461
0 0.600499 0.796874 0.018853 0.020069
0 0.581950 0.799915 0.018245 0.018853
0 0.722131 0.756431 0.018853 0.018245
0 0.703582 0.761297 0.018245 0.018245
0 0.684121 0.762817 0.020677 0.018853
0 0.664964 0.771027 0.020069 0.020677
0 0.645807 0.771331 0.018245 0.020069
0 0.628778 0.775284 0.019461 0.019461
0 0.596546 0.768595 0.018245 0.018245
0 0.709056 0.735754 0.019461 0.018245
0 0.690507 0.741835 0.018853 0.018245
0 0.672262 0.748525 0.020069 0.019461
0 0.651888 0.753086 0.019461 0.018853
0 0.634252 0.753086 0.018245 0.018853
0 0.614486 0.757952 0.018853 0.020069
0 0.698109 0.715380 0.019461 0.018853
0 0.681080 0.725415 0.018245 0.017029
0 0.662531 0.730889 0.018853 0.018245
0 0.643070 0.734842 0.018853 0.020069
0 0.619048 0.738491 0.019461 0.018853
0 0.590160 0.734537 0.017637 0.018245
0 0.668005 0.712340 0.018853 0.018853
0 0.648239 0.716597 0.017029 0.018853
0 0.628170 0.721462 0.017029 0.016420
0 0.608709 0.722678 0.018245 0.017637
0 0.664356 0.692878 0.016420 0.018853
0 0.634252 0.703217 0.017029 0.017637
0 0.644894 0.687101 0.017637 0.019461
0 0.626041 0.685276 0.017637 0.019461
0 0.692635 0.672809 0.018245 0.018853