0 0.233849 0.156117 0.017637 0.018290
0 0.340323 0.200536 0.018943 0.016983
0 0.198249 0.510157 0.018290 0.018290
0 0.168202 0.571886 0.018290 0.018943
0 0.281534 0.545757 0.017637 0.018943
0 0.320073 0.716049 0.018943 0.020903
0 0.009635 0.857469 0.019270 0.020250
0 0.032661 0.927690 0.017637 0.019596
0 0.328565 0.953165 0.018943 0.018290
0 0.361879 0.957737 0.017637 0.016983
0 0.338363 0.979946 0.017637 0.019596
0 0.482396 0.979946 0.018290 0.018290
0 0.520282 0.516494 0.019596 0.018943
0 0.545431 0.526618 0.018943 0.019596
0 0.550983 0.456072 0.019596 0.019596
0 0.630675 0.640604 0.018290 0.018943
0 0.813574 0.356653 0.018290 0.018290
0 0.985825 0.255993 0.018943 0.018943
0 0.984519 0.419622 0.020250 0.019596
0 0.971455 0.433013 0.018943 0.020250
0 0.980273 0.567248 0.019596 0.020903
0 0.969168 0.798681 0.015677 0.018943
0 0.899275 0.981906 0.018290 0.019596
0 0.819910 0.830688 0.018943 0.018943
0 0.867921 0.716049 0.016983 0.016983
0 0.596173 0.902731 0.017102 0.015499
0 0.663781 0.889904 0.017637 0.016568
0 0.669392 0.871733 0.016033 0.016568
0 0.689167 0.874940 0.018171 0.018706
0 0.710010 0.874405 0.018171 0.017637
0 0.682486 0.857570 0.019774 0.018171
0 0.668591 0.844209 0.018706 0.018171
0 0.686495 0.837796 0.019240 0.018171
0 0.704398 0.846080 0.018706 0.017637
0 0.731388 0.834589 0.017102 0.018171
0 0.750094 0.838598 0.017102 0.018706
0 0.648816 0.848485 0.016568 0.017102
0 0.628240 0.846882 0.018171 0.017102
0 0.604992 0.870130 0.017637 0.017637
0 0.608466 0.849287 0.018171 0.017637
0 0.597509 0.833253 0.017637 0.018706
0 0.626637 0.827909 0.018171 0.018706
0 0.645075 0.828443 0.018706 0.018706
0 0.671797 0.822030 0.018706 0.017637
0 0.691572 0.819625 0.017637 0.019240
0 0.708140 0.826038 0.017637 0.019240
0 0.726044 0.815082 0.019240 0.017637
0 0.740741 0.805195 0.019774 0.018171
0 0.748490 0.785955 0.017102 0.018171
0 0.722837 0.795308 0.017102 0.018706
0 0.707338 0.806798 0.017102 0.018171
0 0.705467 0.787024 0.017637 0.020309
0 0.731121 0.778473 0.016568 0.018171
0 0.680616 0.801721 0.019240 0.017637
0 0.661376 0.804660 0.018171 0.019240
0 0.641601 0.809738 0.018171 0.017637
0 0.622361 0.808669 0.018171 0.018706
0 0.601518 0.813746 0.019240 0.018171
0 0.582812 0.810539 0.018171 0.018171
0 0.718561 0.764577 0.019240 0.018171
0 0.736198 0.753086 0.018171 0.019774
0 0.718828 0.743466 0.017637 0.018706
0 0.700123 0.767516 0.018706 0.019774
0 0.685693 0.782214 0.017637 0.019240
0 0.666720 0.779541 0.017102 0.018171
0 0.679547 0.764310 0.017102 0.017637
0 0.692373 0.749345 0.018171 0.017637
0 0.634386 0.791299 0.019774 0.018171
0 0.614345 0.791032 0.019240 0.018706
0 0.595372 0.796644 0.017637 0.018171
0 0.575330 0.790498 0.018171 0.018706
0 0.516274 0.813479 0.018706 0.018706
0 0.646411 0.774999 0.019240 0.018706
0 0.659505 0.762706 0.018706 0.021912
0 0.673133 0.746940 0.019240 0.020309
0 0.684891 0.730640 0.018171 0.019774
0 0.702528 0.715675 0.016033 0.017637
0 0.682753 0.711667 0.019240 0.017102
0 0.666720 0.726631 0.018171 0.017102
0 0.653626 0.742130 0.017637 0.018171
0 0.641868 0.757095 0.018706 0.018171
0 0.627973 0.772861 0.017637 0.018706
0 0.607931 0.772059 0.019240 0.018171
0 0.589226 0.777671 0.019240 0.017637
0 0.547004 0.781679 0.017102 0.018171
0 0.565977 0.772861 0.016568 0.017637
0 0.584416 0.758164 0.017102 0.016033
0 0.622361 0.753086 0.019240 0.019774
0 0.602854 0.752552 0.017637 0.020843
0 0.633852 0.738389 0.019774 0.019240
0 0.615413 0.735717 0.017102 0.018171
0 0.648549 0.724226 0.018171 0.018706
0 0.627706 0.720485 0.018171 0.017637
0 0.643739 0.703650 0.019240 0.018171
0 0.626904 0.693763 0.017637 0.016568
0 0.614345 0.707926 0.017102 0.016033
0 0.607397 0.690022 0.018171 0.017637
0 0.620491 0.675057 0.018706 0.018706
0 0.595372 0.726097 0.019774 0.018171
0 0.578269 0.733846 0.018706 0.017637