0 0.311497 0.113295 0.020156 0.019316
0 0.408919 0.140170 0.018477 0.019316
0 0.540354 0.167884 0.017637 0.020996
0 0.259847 0.400101 0.019316 0.020156
0 0.468128 0.433694 0.019316 0.020156
0 0.366507 0.452171 0.017637 0.018477
0 0.638196 0.425296 0.020156 0.020156
0 0.248509 0.452591 0.020156 0.019316
0 0.216595 0.458890 0.018477 0.020156
0 0.094818 0.594104 0.020156 0.018477
0 0.009868 0.877803 0.019736 0.020156
0 0.011548 0.969766 0.023096 0.022676
0 0.218779 0.977324 0.018477 0.019316
0 0.231796 0.905518 0.020996 0.018477
0 0.270849 0.920635 0.018477 0.018477
0 0.449316 0.942051 0.019316 0.019316
0 0.362812 0.656925 0.019316 0.021836
0 0.490468 0.717393 0.019316 0.021836
0 0.486269 0.629210 0.020996 0.020156
0 0.985723 0.143613 0.021836 0.018477
0 0.986563 0.367431 0.020156 0.022676
0 0.976065 0.388007 0.020996 0.020156
0 0.714454 0.510624 0.018477 0.016797
0 0.775342 0.475771 0.019316 0.020996
0 0.904678 0.458974 0.019316 0.019316
0 0.847149 0.532880 0.020156 0.019316
0 0.959268 0.553876 0.019316 0.020996
0 0.986143 0.560595 0.020996 0.024355
0 0.724532 0.599227 0.020156 0.020996
0 0.606954 0.640800 0.018477 0.020156
0 0.690518 0.641219 0.019316 0.020996
0 0.821534 0.631141 0.020996 0.019316
0 0.786680 0.679432 0.021836 0.018477
0 0.691778 0.888721 0.021836 0.020156
0 0.880742 0.890821 0.018477 0.017637
0 0.937012 0.861426 0.018477 0.019316
0 0.517910 0.755154 0.017637 0.020069
0 0.610655 0.847899 0.018245 0.020677
0 0.628596 0.838472 0.017637 0.017637
0 0.612479 0.827525 0.017029 0.018853
0 0.630420 0.819011 0.018853 0.021286
0 0.657179 0.826005 0.018853 0.018245
0 0.676945 0.827221 0.018245 0.019461
0 0.683938 0.845770 0.018853 0.017637
0 0.694885 0.827525 0.017637 0.018853
0 0.718300 0.847899 0.018245 0.018245
0 0.718300 0.828438 0.019461 0.017029
0 0.744146 0.821140 0.018853 0.019461
0 0.727118 0.811105 0.018853 0.016420
0 0.707353 0.811409 0.020677 0.018245
0 0.688196 0.810801 0.018853 0.019461
0 0.667822 0.808976 0.020677 0.019461
0 0.647753 0.808368 0.019461 0.017029
0 0.744755 0.800766 0.017637 0.017637
0 0.728030 0.791644 0.019461 0.018853
0 0.747795 0.783738 0.017637 0.018853
0 0.767257 0.776744 0.018853 0.019461
0 0.730159 0.772791 0.018853 0.017637
0 0.712218 0.763973 0.019461 0.017029
0 0.698230 0.794077 0.019461 0.018853
0 0.689412 0.777352 0.018853 0.018245
0 0.679377 0.793772 0.019461 0.019461
0 0.659916 0.792252 0.019461 0.018853
0 0.670559 0.774919 0.020069 0.020677
0 0.633461 0.796813 0.021286 0.019461
0 0.615824 0.805936 0.018853 0.020677
0 0.608526 0.788907 0.018853 0.019461
0 0.646232 0.777656 0.020069 0.017637
0 0.625251 0.779177 0.018245 0.019461
0 0.730463 0.753938 0.019461 0.018853
0 0.723773 0.734781 0.018245 0.019461
0 0.704008 0.739342 0.018853 0.017637
0 0.693973 0.757283 0.020677 0.019461
0 0.675120 0.755458 0.019461 0.019461
0 0.655963 0.759411 0.018853 0.020069
0 0.635894 0.761540 0.020069 0.018245
0 0.615824 0.762452 0.018853 0.018853
0 0.596363 0.770054 0.020069 0.019461
0 0.565347 0.769142 0.018853 0.017637
0 0.582071 0.758195 0.019461 0.018853
0 0.686371 0.739342 0.017637 0.020069
0 0.714042 0.717752 0.019461 0.019461
0 0.695189 0.722922 0.017029 0.017637
0 0.673600 0.723226 0.017637 0.019461
0 0.662653 0.740254 0.018853 0.019461
0 0.643800 0.742991 0.017637 0.018853
0 0.624643 0.744207 0.019461 0.017637
0 0.600924 0.746032 0.018245 0.018853
0 0.652314 0.724138 0.018853 0.017637
0 0.631332 0.726267 0.019461 0.018245
0 0.653226 0.704069 0.018245 0.018853
0 0.668734 0.690081 0.017637 0.020069
0 0.619473 0.711975 0.017637 0.017637
0 0.610959 0.729915 0.018853 0.018245
0 0.591498 0.728699 0.018853 0.018245
0 0.574165 0.739038 0.018245 0.017029
0 0.555616 0.741166 0.018853 0.020069
0 0.601533 0.708934 0.018245 0.021286
0 0.579335 0.713799 0.020069 0.018853
0 0.624035 0.692209 0.018245 0.018245