0 0.014029 0.973625 0.022447 0.023248
0 0.009019 0.774010 0.018038 0.020042
0 0.353135 0.931938 0.017637 0.020042
0 0.494228 0.979638 0.019240 0.019240
0 0.500641 0.964807 0.020843 0.021645
0 0.513468 0.982844 0.025653 0.022447
0 0.476992 0.731522 0.020042 0.021645
0 0.253728 0.542328 0.017637 0.020042
0 0.175565 0.498236 0.020042 0.020042
0 0.157127 0.460157 0.020042 0.020843
0 0.174764 0.318262 0.018438 0.020843
0 0.340709 0.227273 0.018438 0.021645
0 0.756373 0.269681 0.019240 0.020843
0 0.986853 0.306157 0.020042 0.020042
0 0.984848 0.463684 0.024050 0.022447
0 0.986452 0.543450 0.022447 0.021645
0 0.984047 0.588344 0.020843 0.021645
0 0.815697 0.983245 0.017637 0.016835
0 0.592432 0.643338 0.018438 0.018438
0 0.599584 0.907848 0.017637 0.018267
0 0.641786 0.905014 0.017637 0.017637
0 0.667611 0.908793 0.016377 0.018896
0 0.683044 0.897140 0.018267 0.017007
0 0.663202 0.890212 0.018896 0.017007
0 0.739418 0.881078 0.017637 0.018896
0 0.718632 0.882338 0.018896 0.017637
0 0.690917 0.879819 0.018896 0.017637
0 0.672965 0.873205 0.018267 0.019526
0 0.653754 0.875409 0.020156 0.018896
0 0.633913 0.873205 0.019526 0.019526
0 0.614701 0.867851 0.017637 0.018896
0 0.706979 0.865646 0.018267 0.017007
0 0.687768 0.859977 0.018896 0.018267
0 0.666352 0.853364 0.020156 0.017637
0 0.647770 0.855568 0.018267 0.019526
0 0.627929 0.853364 0.020156 0.017637
0 0.747921 0.862497 0.018267 0.018267
0 0.731859 0.850214 0.018896 0.018896
0 0.583207 0.859662 0.017637 0.017637
0 0.590451 0.840451 0.018267 0.018267
0 0.639897 0.837931 0.017637 0.019526
0 0.658793 0.834467 0.020156 0.020156
0 0.681469 0.838876 0.020156 0.017637
0 0.697846 0.829428 0.018896 0.017637
0 0.729340 0.823129 0.020156 0.020156
0 0.711073 0.814941 0.018896 0.018896
0 0.681154 0.819665 0.019526 0.018267
0 0.668241 0.806752 0.018896 0.016377
0 0.646825 0.819035 0.018896 0.018267
0 0.649345 0.799824 0.018896 0.018896
0 0.632023 0.807382 0.018267 0.018896
0 0.589821 0.819980 0.018267 0.018896
0 0.604308 0.807697 0.017007 0.017007
0 0.617221 0.794470 0.017637 0.018267
0 0.583522 0.802973 0.017007 0.020156
0 0.558012 0.809587 0.018896 0.019526
0 0.565571 0.786281 0.017637 0.018267
0 0.599899 0.788486 0.019526 0.018896
0 0.587931 0.772739 0.018267 0.020156
0 0.607458 0.768959 0.019526 0.018896
0 0.635173 0.783447 0.018267 0.018896
0 0.626354 0.767700 0.020786 0.020156
0 0.659738 0.783132 0.019526 0.019526
0 0.693752 0.802343 0.019526 0.020156
0 0.679579 0.789431 0.017637 0.019526
0 0.729340 0.802343 0.018896 0.018896
0 0.711073 0.793525 0.018896 0.018896
0 0.696271 0.781242 0.020786 0.020786
0 0.726820 0.783132 0.020156 0.018267
0 0.745402 0.779667 0.018267 0.017637
0 0.770597 0.790060 0.018267 0.019526
0 0.809335 0.785651 0.018896 0.019526
0 0.789179 0.745654 0.018896 0.017637
0 0.647770 0.767385 0.018267 0.018267
0 0.675170 0.769589 0.017637 0.016377
0 0.691547 0.761716 0.020156 0.019526
0 0.711388 0.764235 0.020786 0.018267
0 0.732804 0.763920 0.018267 0.018896
0 0.746977 0.753527 0.016377 0.018267
0 0.729025 0.745654 0.019526 0.020156
0 0.701625 0.743764 0.020156 0.018896
0 0.680209 0.746914 0.018896 0.018896
0 0.662257 0.755417 0.018267 0.019526
0 0.643046 0.747858 0.020156 0.018267
0 0.658793 0.737780 0.020156 0.023306
0 0.641471 0.729907 0.019526 0.017637
0 0.626039 0.739985 0.017637 0.018896
0 0.608403 0.749433 0.018896 0.018896
0 0.589821 0.737150 0.018267 0.019526
0 0.608718 0.730852 0.018267 0.018267
0 0.670761 0.720459 0.018896 0.017637
0 0.653754 0.713530 0.015117 0.017637
0 0.675800 0.702822 0.018896 0.018896
0 0.665722 0.676367 0.018896 0.018896
0 0.639267 0.699358 0.017637 0.018267
0 0.622890 0.716679 0.018896 0.020156
0 0.603993 0.711325 0.018896 0.019526
0 0.618796 0.696838 0.017007 0.019526
0 0.606828 0.684555 0.018267 0.018896
0 0.591711 0.696208 0.019526 0.019526