0 0.239365 0.236190 0.018342 0.019753
0 0.340247 0.204444 0.019753 0.019753
0 0.262646 0.496155 0.018342 0.017637
0 0.148360 0.522257 0.019753 0.020459
0 0.545538 0.528959 0.018342 0.021164
0 0.026667 0.975379 0.019048 0.021164
0 0.028078 0.865679 0.019048 0.020459
0 0.207266 0.594074 0.020459 0.016226
0 0.395979 0.736579 0.018342 0.020459
0 0.334603 0.938695 0.019753 0.016931
0 0.352593 0.980317 0.020459 0.019753
0 0.372346 0.978907 0.017637 0.021164
0 0.527549 0.981376 0.020459 0.021869
0 0.515556 0.588078 0.020459 0.019753
0 0.597390 0.603951 0.019048 0.021869
0 0.809806 0.313651 0.019753 0.018342
0 0.985467 0.289665 0.019753 0.018342
0 0.977355 0.427584 0.020459 0.020459
0 0.986526 0.481199 0.021869 0.020459
0 0.986173 0.555979 0.019753 0.020459
0 0.624974 0.650864 0.018342 0.021164
0 0.804868 0.664974 0.019753 0.018342
0 0.815450 0.849453 0.019753 0.017637
0 0.943845 0.872381 0.016931 0.018342
0 0.871534 0.955979 0.016226 0.017637
0 0.727219 0.877523 0.016983 0.016983
0 0.724933 0.855967 0.018943 0.018290
0 0.721014 0.837024 0.018943 0.018290
0 0.741263 0.835391 0.017637 0.018943
0 0.761186 0.833105 0.018290 0.019596
0 0.751388 0.817101 0.018290 0.020250
0 0.731792 0.818407 0.019596 0.020250
0 0.712522 0.818734 0.020250 0.019596
0 0.697825 0.842903 0.018290 0.018290
0 0.694232 0.825266 0.018943 0.019596
0 0.682148 0.867072 0.018290 0.019596
0 0.678229 0.847149 0.018290 0.018943
0 0.674309 0.829185 0.019596 0.016983
0 0.660592 0.841270 0.019596 0.017637
0 0.663205 0.861193 0.020903 0.018290
0 0.631524 0.860213 0.018943 0.018943
0 0.639362 0.842903 0.020250 0.018290
0 0.743550 0.796198 0.018290 0.017637
0 0.721667 0.799791 0.018943 0.016983
0 0.699784 0.804037 0.019596 0.018943
0 0.680188 0.809263 0.019596 0.018943
0 0.661572 0.814488 0.018943 0.018943
0 0.644915 0.823307 0.019596 0.020903
0 0.626298 0.813508 0.018943 0.019596
0 0.609315 0.823960 0.018943 0.019596
0 0.584493 0.832125 0.018943 0.018943
0 0.557058 0.829839 0.020250 0.018290
0 0.649487 0.799791 0.018290 0.018290
0 0.667777 0.794565 0.018290 0.016983
0 0.686394 0.788360 0.018943 0.018943
0 0.708929 0.785094 0.018290 0.018943
0 0.729832 0.782154 0.019596 0.019596
0 0.735058 0.764518 0.019596 0.018290
0 0.715462 0.766804 0.016983 0.017637
0 0.694559 0.770397 0.019596 0.016983
0 0.674962 0.773336 0.019596 0.020250
0 0.655693 0.780521 0.018943 0.018943
0 0.629238 0.796198 0.019596 0.017637
0 0.611274 0.805017 0.021556 0.016983
0 0.592005 0.812855 0.019596 0.018290
0 0.572735 0.811222 0.017637 0.021556
0 0.722647 0.748841 0.018290 0.018290
0 0.703051 0.754066 0.016983 0.018290
0 0.674962 0.747534 0.019596 0.020903
0 0.659939 0.760598 0.018290 0.020903
0 0.640669 0.767130 0.018943 0.018290
0 0.622706 0.775949 0.018290 0.017637
0 0.606702 0.785420 0.020250 0.019596
0 0.588412 0.793912 0.020250 0.019596
0 0.691619 0.737409 0.018943 0.017637
0 0.708929 0.727611 0.018290 0.017637
0 0.724280 0.713567 0.018943 0.020903
0 0.703704 0.707035 0.019596 0.020903
0 0.677575 0.725978 0.016983 0.019596
0 0.670717 0.704096 0.018943 0.018943
0 0.657979 0.738389 0.019596 0.020903
0 0.640342 0.747208 0.020903 0.020250
0 0.623032 0.756679 0.017637 0.018290
0 0.607682 0.765824 0.018290 0.018290
0 0.589718 0.776929 0.018943 0.019596
0 0.569796 0.770397 0.015677 0.016983
0 0.545300 0.763211 0.017637 0.018290
0 0.589718 0.755699 0.018943 0.020250
0 0.606702 0.746228 0.018943 0.020903
0 0.623685 0.736430 0.018943 0.022209
0 0.640669 0.727285 0.020250 0.022209
0 0.650794 0.703116 0.019596 0.020903
0 0.590372 0.735450 0.018943 0.018943
0 0.605069 0.721406 0.019596 0.020903
0 0.623685 0.717486 0.018943 0.020903
0 0.620093 0.697890 0.018290 0.016983
0 0.586126 0.718140 0.016983 0.019596
0 0.600823 0.703769 0.018943 0.016983
0 0.597230 0.684499 0.018290 0.018943
0 0.577634 0.680907 0.018290 0.018290