0 0.300150 0.124110 0.019596 0.018290
0 0.326279 0.120844 0.020903 0.019596
0 0.199229 0.479130 0.018943 0.020250
0 0.174081 0.485989 0.019596 0.018290
0 0.149912 0.501666 0.018290 0.018290
0 0.358939 0.525508 0.018290 0.018943
0 0.136194 0.611732 0.018290 0.018943
0 0.010288 0.863022 0.020576 0.020903
0 0.025802 0.975374 0.016983 0.018290
0 0.355347 0.753609 0.020250 0.020250
0 0.256712 0.919524 0.017637 0.018943
0 0.272715 0.931282 0.018290 0.016330
0 0.256059 0.978967 0.018943 0.017637
0 0.464433 0.956431 0.018943 0.020903
0 0.897577 0.892678 0.018290 0.019596
0 0.906722 0.919133 0.019596 0.017637
0 0.652949 0.890391 0.017637 0.020250
0 0.862956 0.684630 0.020903 0.018943
0 0.977268 0.618982 0.018290 0.018290
0 0.681691 0.684957 0.018943 0.019596
0 0.689856 0.664380 0.016983 0.017637
0 0.612777 0.623881 0.020903 0.020250
0 0.844013 0.615390 0.019596 0.017637
0 0.778039 0.588608 0.018290 0.018943
0 0.757136 0.578483 0.018290 0.018290
0 0.986740 0.554968 0.020250 0.019596
0 0.586975 0.463845 0.018943 0.018943
0 0.517081 0.400483 0.018943 0.018943
0 0.877000 0.437390 0.018943 0.019596
0 0.970736 0.399504 0.020903 0.020903
0 0.985433 0.381867 0.020250 0.019596
0 0.541577 0.244039 0.020903 0.018290
0 0.977921 0.122150 0.020903 0.019596
0 0.712391 0.869880 0.017637 0.017637
0 0.720883 0.850937 0.017637 0.017637
0 0.741786 0.852244 0.018943 0.020250
0 0.736560 0.822523 0.017637 0.019596
0 0.769221 0.801947 0.018943 0.018943
0 0.751911 0.791822 0.016983 0.018290
0 0.729375 0.804233 0.016330 0.016983
0 0.712391 0.815337 0.018943 0.019596
0 0.704879 0.832974 0.019596 0.018290
0 0.688549 0.847018 0.018290 0.018943
0 0.668626 0.847018 0.018943 0.017637
0 0.649030 0.847345 0.018943 0.015677
0 0.694428 0.817297 0.018290 0.018290
0 0.679078 0.829055 0.018943 0.018290
0 0.659481 0.827748 0.017637 0.019596
0 0.639885 0.830688 0.018943 0.018943
0 0.733621 0.785943 0.018290 0.018290
0 0.715004 0.784636 0.018943 0.022209
0 0.702267 0.799334 0.018290 0.018943
0 0.670259 0.812071 0.019596 0.018290
0 0.650336 0.809132 0.017637 0.018943
0 0.631720 0.814358 0.018290 0.018943
0 0.613430 0.818930 0.018290 0.016330
0 0.595140 0.812725 0.019596 0.019596
0 0.682017 0.797047 0.019596 0.018290
0 0.663727 0.793781 0.019596 0.018290
0 0.644458 0.790189 0.020250 0.020250
0 0.625188 0.796068 0.020903 0.018943
0 0.605265 0.796394 0.018943 0.020903
0 0.589914 0.784310 0.018290 0.020250
0 0.695408 0.782350 0.018943 0.018943
0 0.676791 0.778758 0.020903 0.019596
0 0.656542 0.776145 0.016983 0.019596
0 0.637272 0.772552 0.018943 0.017637
0 0.614410 0.777125 0.020250 0.018943
0 0.600366 0.766020 0.018290 0.017637
0 0.544190 0.793781 0.018290 0.019596
0 0.729701 0.766347 0.020903 0.019596
0 0.741786 0.744137 0.017637 0.019596
0 0.709452 0.765693 0.019596 0.020903
0 0.722190 0.748057 0.020250 0.018290
0 0.687896 0.762101 0.020903 0.020250
0 0.669280 0.759488 0.021556 0.017637
0 0.649357 0.757202 0.019596 0.018290
0 0.630087 0.753609 0.020250 0.018943
0 0.611144 0.750016 0.021556 0.019596
0 0.702920 0.748383 0.019596 0.020250
0 0.711412 0.731726 0.018290 0.020903
0 0.683650 0.744791 0.018943 0.018290
0 0.665034 0.741525 0.019596 0.020903
0 0.644458 0.739565 0.018943 0.020903
0 0.623228 0.735319 0.020903 0.020250
0 0.604938 0.732053 0.016983 0.020250
0 0.591874 0.746424 0.019596 0.021556
0 0.574891 0.757202 0.018290 0.018290
0 0.572604 0.737279 0.017637 0.017637
0 0.556601 0.767326 0.020903 0.020250
0 0.556927 0.748057 0.017637 0.020903
0 0.541250 0.727481 0.020250 0.020250
0 0.692468 0.727154 0.019596 0.020903
0 0.676138 0.716703 0.018290 0.020903
0 0.657848 0.722581 0.018290 0.019596
0 0.638252 0.719642 0.019596 0.021556
0 0.617023 0.718336 0.020250 0.017637
0 0.603305 0.704945 0.020250 0.018290
0 0.625188 0.699393 0.020903 0.018943
0 0.569665 0.697106 0.019596 0.018290