0 0.054139 0.907060 0.017102 0.018171
0 0.057880 0.861632 0.017102 0.018171
0 0.076853 0.855219 0.016568 0.018171
0 0.127358 0.920154 0.018171 0.017637
0 0.149805 0.951686 0.016033 0.017637
0 0.225963 0.916146 0.017637 0.018171
0 0.259099 0.922025 0.017637 0.017102
0 0.118540 0.829031 0.017637 0.018171
0 0.179467 0.810860 0.017637 0.017102
0 0.143659 0.791620 0.018706 0.017102
0 0.170648 0.763829 0.018171 0.017102
0 0.147667 0.761157 0.019240 0.018171
0 0.135642 0.745390 0.016568 0.016568
0 0.076853 0.702902 0.017637 0.019240
0 0.087542 0.649458 0.017637 0.018171
0 0.094490 0.569024 0.016568 0.018706
0 0.159692 0.539629 0.018706 0.018706
0 0.159425 0.730159 0.018171 0.018171
0 0.151675 0.655604 0.017637 0.017637
0 0.233178 0.558335 0.018171 0.017637
0 0.287959 0.570360 0.018706 0.019240
0 0.383625 0.511571 0.018706 0.020309
0 0.216343 0.659879 0.018706 0.017637
0 0.213938 0.679921 0.017102 0.018171
0 0.191224 0.732831 0.017637 0.018171
0 0.207792 0.722677 0.017637 0.018171
0 0.226231 0.699161 0.018171 0.017102
0 0.234247 0.720539 0.018171 0.018171
0 0.241195 0.677249 0.018171 0.018171
0 0.291700 0.671370 0.016568 0.017102
0 0.272193 0.829833 0.020309 0.018706
0 0.272193 0.762760 0.018171 0.019240
0 0.308001 0.742718 0.018171 0.017637
0 0.320560 0.728288 0.017637 0.017637
0 0.338998 0.736305 0.019240 0.016568
0 0.347015 0.755545 0.018171 0.017637
0 0.415959 0.819946 0.018171 0.018171
0 0.432794 0.835979 0.017637 0.018171
0 0.446155 0.911870 0.017637 0.016033
0 0.376677 0.673775 0.016568 0.017637
0 0.391107 0.659612 0.016568 0.016033
0 0.408209 0.667629 0.018706 0.017102
0 0.451232 0.661215 0.017102 0.017102
0 0.415959 0.649725 0.018171 0.018706
0 0.398589 0.640906 0.018706 0.018171
0 0.384426 0.628080 0.018171 0.018171
0 0.420234 0.618193 0.019240 0.016568
0 0.444819 0.714393 0.019240 0.018706
0 0.465662 0.785794 0.018171 0.017637
0 0.476885 0.929293 0.017102 0.018171