0 0.121864 0.913466 0.016499 0.018206
0 0.248165 0.889003 0.017637 0.017068
0 0.254708 0.914889 0.017068 0.017637
0 0.297662 0.857712 0.017637 0.018206
0 0.261535 0.827843 0.017068 0.017637
0 0.251010 0.791432 0.016499 0.017637
0 0.115606 0.819025 0.017637 0.019343
0 0.150310 0.805086 0.016499 0.017637
0 0.140354 0.788018 0.017068 0.017637
0 0.155146 0.776355 0.015930 0.017068
0 0.171929 0.768106 0.018775 0.016499
0 0.083746 0.748763 0.016499 0.017637
0 0.071514 0.731979 0.015930 0.014792
0 0.107356 0.738806 0.015930 0.017068
0 0.109632 0.708938 0.019343 0.017637
0 0.151732 0.748478 0.018206 0.017068
0 0.046424 0.663765 0.017637 0.018775
0 0.153667 0.708995 0.017068 0.017068
0 0.180122 0.698754 0.017637 0.017068
0 0.229334 0.747113 0.017068 0.018206
0 0.237583 0.708426 0.017637 0.018206
0 0.290209 0.695909 0.017068 0.017068
0 0.151391 0.615122 0.017068 0.018206
0 0.173864 0.567617 0.018775 0.017637
0 0.194629 0.611993 0.018206 0.017637
0 0.228765 0.598054 0.018206 0.018206
0 0.234170 0.623371 0.019912 0.016499
0 0.246686 0.579564 0.018775 0.017637
0 0.316379 0.658645 0.018206 0.017637
0 0.312966 0.575582 0.018206 0.018775
0 0.303010 0.510155 0.017637 0.018775
0 0.380952 0.510440 0.018775 0.018206
0 0.429595 0.529783 0.018206 0.017068
0 0.356489 0.622803 0.018775 0.017637
0 0.392615 0.685384 0.017068 0.018775
0 0.308983 0.751095 0.017068 0.017068
0 0.349093 0.763043 0.017637 0.018206
0 0.349661 0.781248 0.017637 0.017068
0 0.359333 0.825340 0.018775 0.016499
0 0.367298 0.796894 0.017637 0.017637
0 0.367298 0.769016 0.018775 0.018775
0 0.381521 0.783240 0.016499 0.017637
0 0.450930 0.864596 0.017637 0.017637
0 0.478239 0.899300 0.017637 0.017637
0 0.476247 0.806281 0.018206 0.018206
0 0.401434 0.757638 0.017637 0.017637
0 0.479092 0.714400 0.017068 0.019912
0 0.464015 0.700461 0.018775 0.018206
0 0.477954 0.686807 0.018206 0.019343
0 0.480230 0.625932 0.019343 0.019343