0 0.008524 0.779411 0.017048 0.018290
0 0.009504 0.797047 0.019008 0.019596
0 0.059834 0.798027 0.018943 0.018943
0 0.087922 0.751976 0.017637 0.018290
0 0.119929 0.819910 0.018943 0.018290
0 0.152590 0.840159 0.018943 0.018290
0 0.150304 0.859429 0.016983 0.018943
0 0.160437 0.790180 0.015361 0.018775
0 0.181487 0.762587 0.017637 0.018206
0 0.250612 0.822894 0.017068 0.015930
0 0.213063 0.722763 0.015930 0.017068
0 0.190874 0.719918 0.018206 0.017068
0 0.224725 0.702850 0.017637 0.019343
0 0.205098 0.705126 0.019343 0.019343
0 0.186892 0.695739 0.017068 0.017637
0 0.159015 0.699437 0.018206 0.017068
0 0.137964 0.688912 0.019343 0.017637
0 0.161006 0.680662 0.018775 0.017068
0 0.179211 0.673551 0.018775 0.018775
0 0.160437 0.661319 0.018775 0.019343
0 0.172953 0.646527 0.018775 0.018206
0 0.100415 0.607840 0.017068 0.018206
0 0.193435 0.565455 0.017637 0.017637
0 0.221596 0.513114 0.017068 0.018775
0 0.261706 0.590203 0.017637 0.018206
0 0.434090 0.510554 0.017637 0.019343
0 0.291290 0.667008 0.017637 0.018206
0 0.327985 0.642544 0.018206 0.017068
0 0.351027 0.651647 0.016499 0.018206
0 0.377197 0.633441 0.017637 0.017068
0 0.375775 0.653923 0.018206 0.019343
0 0.335666 0.674689 0.018775 0.018775
0 0.283325 0.782215 0.017637 0.018775
0 0.304091 0.746658 0.017068 0.018206
0 0.372362 0.706833 0.017068 0.017068
0 0.358138 0.748933 0.015930 0.018206
0 0.299824 0.793878 0.017637 0.017068
0 0.293281 0.847073 0.018206 0.017637
0 0.307220 0.833134 0.017637 0.018206
0 0.322012 0.820618 0.017637 0.018206
0 0.325141 0.839961 0.018206 0.015930
0 0.331115 0.886898 0.017637 0.016499
0 0.372646 0.832281 0.018775 0.016499
0 0.383171 0.781078 0.017068 0.017637
0 0.401946 0.796439 0.018206 0.017637
0 0.435797 0.777664 0.018775 0.016499
0 0.434090 0.877340 0.016499 0.016499
0 0.461683 0.865108 0.018206 0.018206
0 0.439609 0.943904 0.018206 0.017637
0 0.478011 0.946464 0.017637 0.018206