0 0.197594 0.921832 0.017637 0.017007
0 0.196964 0.941043 0.017637 0.016377
0 0.214286 0.932855 0.018267 0.016377
0 0.234442 0.930965 0.017007 0.015117
0 0.228458 0.912698 0.020156 0.018896
0 0.259007 0.941673 0.019526 0.018896
0 0.269400 0.920572 0.018896 0.018267
0 0.249244 0.902305 0.018896 0.018267
0 0.246095 0.882149 0.017637 0.018267
0 0.266881 0.880574 0.017637 0.020156
0 0.266566 0.900101 0.018267 0.017637
0 0.286092 0.913013 0.019526 0.019526
0 0.312862 0.921832 0.017637 0.018267
0 0.319791 0.897581 0.018896 0.016377
0 0.228773 0.873961 0.017007 0.018267
0 0.211451 0.869866 0.018896 0.018896
0 0.009039 0.802469 0.018078 0.020156
0 0.070043 0.754598 0.019526 0.018896
0 0.088939 0.754598 0.019526 0.020156
0 0.108466 0.754283 0.019526 0.019526
0 0.124843 0.745150 0.019526 0.020156
0 0.106576 0.735702 0.019526 0.020156
0 0.089254 0.734757 0.021416 0.020786
0 0.079806 0.718380 0.020156 0.020786
0 0.098388 0.716805 0.018267 0.020156
0 0.093348 0.698539 0.018267 0.017637
0 0.110670 0.702633 0.018896 0.018267
0 0.060595 0.614764 0.018267 0.018896
0 0.192870 0.595553 0.019526 0.019526
0 0.205152 0.580751 0.020156 0.017637
0 0.219955 0.543273 0.018267 0.019526
0 0.228773 0.561854 0.019526 0.018896
0 0.240111 0.545792 0.017007 0.017007
0 0.236332 0.588309 0.019526 0.020156
0 0.240426 0.608781 0.018896 0.019526
0 0.253968 0.595553 0.019526 0.019526
0 0.252394 0.575712 0.020156 0.020156
0 0.268456 0.563429 0.019526 0.019526
0 0.270030 0.583270 0.018896 0.020156
0 0.274439 0.611930 0.020156 0.018267
0 0.288927 0.576657 0.020156 0.019526
0 0.297430 0.558075 0.018267 0.020156
0 0.300265 0.609410 0.018896 0.019526
0 0.321366 0.611300 0.018267 0.019526
0 0.417108 0.751764 0.019526 0.018267
0 0.442303 0.748299 0.019526 0.018896
0 0.441043 0.728773 0.018267 0.020156
0 0.458680 0.736332 0.017007 0.018896
0 0.478836 0.687201 0.019526 0.018896
0 0.480096 0.667045 0.019526 0.018896