0 0.031207 0.823976 0.016657 0.017147
0 0.072849 0.735303 0.017637 0.016167
0 0.077748 0.758328 0.017637 0.017147
0 0.137272 0.859494 0.017147 0.017637
0 0.160053 0.902606 0.017637 0.017637
0 0.163482 0.926612 0.018617 0.017637
0 0.141436 0.813688 0.017637 0.016167
0 0.138987 0.783804 0.016657 0.018127
0 0.140947 0.719136 0.016657 0.017147
0 0.164217 0.778905 0.018127 0.018127
0 0.162502 0.810259 0.018617 0.018127
0 0.194346 0.886439 0.017637 0.016657
0 0.201695 0.866108 0.016657 0.017147
0 0.230845 0.846022 0.018127 0.018127
0 0.238193 0.892318 0.018127 0.016657
0 0.242357 0.924407 0.017637 0.016167
0 0.286694 0.930776 0.017147 0.017147
0 0.348422 0.912404 0.018127 0.017637
0 0.345973 0.791152 0.016167 0.017147
0 0.322212 0.771311 0.017637 0.018617
0 0.355036 0.764697 0.017637 0.017147
0 0.374633 0.749020 0.017637 0.017147
0 0.350137 0.737507 0.017637 0.017637
0 0.330051 0.735793 0.017637 0.017147
0 0.400108 0.725995 0.017637 0.017147
0 0.233784 0.727709 0.018127 0.016657
0 0.177445 0.693416 0.017147 0.016657
0 0.147315 0.671125 0.017637 0.018127
0 0.065256 0.667940 0.017147 0.016657
0 0.047864 0.657897 0.016657 0.017147
0 0.164217 0.613806 0.017147 0.017147
0 0.241868 0.612336 0.017637 0.018127
0 0.275181 0.598863 0.018617 0.017637
0 0.303106 0.688517 0.019596 0.015677
0 0.290858 0.670880 0.017637 0.017637
0 0.296247 0.647854 0.017637 0.017637
0 0.355036 0.681658 0.017637 0.017637
0 0.360425 0.630218 0.016657 0.017637
0 0.383451 0.631442 0.016657 0.018127
0 0.349892 0.586861 0.018127 0.017147
0 0.335195 0.529541 0.018127 0.018127
0 0.353567 0.537135 0.017637 0.017637
0 0.368019 0.511170 0.019106 0.018617
0 0.443367 0.583333 0.019106 0.017147
0 0.479865 0.609298 0.018617 0.017147
0 0.465413 0.624486 0.018127 0.017147
0 0.477905 0.713159 0.019596 0.019106
0 0.473741 0.732510 0.018127 0.017637
0 0.450715 0.853273 0.018127 0.019106
0 0.477660 0.843474 0.019106 0.018127