0 0.152223 0.815119 0.017029 0.018853
0 0.220337 0.964727 0.018245 0.020069
0 0.208782 0.940096 0.019461 0.018245
0 0.228243 0.944049 0.019461 0.018853
0 0.238886 0.960469 0.018853 0.017637
0 0.357173 0.982363 0.018245 0.018853
0 0.257435 0.935839 0.017029 0.015812
0 0.234629 0.924892 0.017637 0.017029
0 0.214863 0.922763 0.019461 0.017637
0 0.218817 0.904215 0.018853 0.019461
0 0.232804 0.888402 0.020069 0.019461
0 0.241927 0.871070 0.017637 0.018853
0 0.247400 0.902998 0.020069 0.020677
0 0.261996 0.916682 0.018853 0.018853
0 0.269294 0.896917 0.017637 0.019461
0 0.328894 0.907255 0.020069 0.017029
0 0.361430 0.890531 0.018245 0.017637
0 0.103266 0.767074 0.018853 0.017637
0 0.116645 0.750958 0.018853 0.018245
0 0.129113 0.766466 0.019461 0.018853
0 0.138235 0.749742 0.018245 0.017029
0 0.119382 0.731193 0.019461 0.021286
0 0.101137 0.730280 0.019461 0.019461
0 0.082284 0.733017 0.018245 0.017637
0 0.099617 0.711123 0.018853 0.017637
0 0.114821 0.697440 0.020069 0.019461
0 0.091711 0.645746 0.017637 0.018245
0 0.436538 0.765858 0.017637 0.018853
0 0.444140 0.726327 0.018245 0.017637
0 0.464210 0.727848 0.017029 0.017029
0 0.455087 0.709603 0.019461 0.017029
0 0.428936 0.675850 0.018245 0.018853
0 0.469075 0.667336 0.018245 0.018853
0 0.046099 0.512559 0.017637 0.018245
0 0.216992 0.542358 0.018853 0.019461
0 0.205437 0.587666 0.018853 0.020069
0 0.226114 0.571246 0.017637 0.018853
0 0.234325 0.549960 0.018245 0.018853
0 0.260172 0.521681 0.018853 0.018245
0 0.303351 0.549048 0.016420 0.020677
0 0.224594 0.591011 0.018245 0.018245
0 0.238278 0.618075 0.017637 0.018853
0 0.250137 0.602871 0.018245 0.018853
0 0.246488 0.582193 0.019461 0.021286
0 0.264125 0.589795 0.018245 0.018245
0 0.268078 0.609560 0.017637 0.018853
0 0.286931 0.610777 0.017637 0.018853
0 0.304567 0.589187 0.017637 0.019461
0 0.310041 0.610473 0.017637 0.017029
0 0.356565 0.633279 0.019461 0.017637