0 0.201513 0.953291 0.017637 0.018206
0 0.220003 0.953860 0.018206 0.017068
0 0.317574 0.967799 0.018775 0.017637
0 0.250725 0.933094 0.019343 0.017637
0 0.238493 0.917449 0.016499 0.018206
0 0.220288 0.910622 0.017637 0.019343
0 0.205211 0.922854 0.019343 0.018775
0 0.187290 0.916027 0.017637 0.019912
0 0.202651 0.902657 0.019912 0.019343
0 0.199522 0.882460 0.018206 0.017637
0 0.233658 0.896683 0.017068 0.016499
0 0.245321 0.864539 0.018775 0.018206
0 0.260966 0.875917 0.018206 0.019343
0 0.272060 0.892985 0.017637 0.015930
0 0.303920 0.907493 0.017637 0.018775
0 0.291119 0.796268 0.017068 0.018206
0 0.414007 0.763839 0.019343 0.018206
0 0.437048 0.732548 0.018775 0.018206
0 0.400922 0.706947 0.018206 0.018206
0 0.450987 0.680492 0.017068 0.017637
0 0.119588 0.764408 0.017637 0.018206
0 0.099391 0.751323 0.018206 0.017068
0 0.082323 0.760426 0.017068 0.019343
0 0.117028 0.744211 0.018206 0.018775
0 0.055868 0.757296 0.017637 0.017637
0 0.089151 0.734824 0.019343 0.018206
0 0.107925 0.726290 0.019343 0.019343
0 0.135234 0.724299 0.019343 0.019912
0 0.077772 0.719463 0.017068 0.018206
0 0.095978 0.712636 0.018206 0.019343
0 0.076350 0.701257 0.017637 0.019343
0 0.081186 0.616487 0.018206 0.019343
0 0.191557 0.582352 0.018206 0.018206
0 0.215452 0.543665 0.018206 0.018206
0 0.210616 0.580076 0.018775 0.019343
0 0.202936 0.599704 0.019343 0.017637
0 0.221426 0.597997 0.019912 0.017637
0 0.234227 0.580930 0.020481 0.019912
0 0.223133 0.564146 0.018775 0.020481
0 0.243329 0.561871 0.018206 0.018206
0 0.253286 0.580645 0.016499 0.017068
0 0.245890 0.599704 0.017637 0.017637
0 0.233658 0.613643 0.019343 0.017068
0 0.310178 0.612789 0.018775 0.016499
0 0.262957 0.547363 0.017637 0.018775
0 0.277465 0.528589 0.018206 0.018775
0 0.281732 0.554759 0.018775 0.017637
0 0.290550 0.572396 0.018206 0.018775
0 0.479206 0.670422 0.018206 0.019343
0 0.480344 0.638277 0.020481 0.018775