0 0.057848 0.813110 0.017049 0.018225
0 0.080482 0.826631 0.017637 0.017049
0 0.077249 0.881599 0.017049 0.018812
0 0.117813 0.883951 0.019400 0.017637
0 0.146914 0.951264 0.017637 0.015873
0 0.165432 0.923633 0.018225 0.015873
0 0.197472 0.891299 0.017637 0.018225
0 0.189242 0.843680 0.017637 0.018225
0 0.153674 0.806937 0.017049 0.018812
0 0.296825 0.863962 0.017637 0.016461
0 0.293298 0.826043 0.017637 0.017049
0 0.330923 0.818989 0.017637 0.017049
0 0.359730 0.866314 0.018812 0.016461
0 0.357084 0.886596 0.017049 0.018225
0 0.385597 0.851029 0.019988 0.018812
0 0.231276 0.773133 0.018225 0.018225
0 0.285949 0.774603 0.018225 0.016461
0 0.083128 0.718754 0.018225 0.018812
0 0.129571 0.718754 0.017049 0.017637
0 0.162493 0.715520 0.018225 0.018225
0 0.181893 0.719636 0.019400 0.018225
0 0.187478 0.700529 0.017637 0.018812
0 0.061964 0.648795 0.018225 0.018812
0 0.036978 0.590300 0.018812 0.019400
0 0.133392 0.626161 0.017637 0.018225
0 0.181011 0.594415 0.018812 0.018225
0 0.245679 0.708760 0.017637 0.018812
0 0.263904 0.716990 0.017637 0.018812
0 0.365315 0.745209 0.018225 0.018812
0 0.390300 0.719342 0.018812 0.018812
0 0.415873 0.696708 0.017049 0.018225
0 0.428219 0.673780 0.017049 0.017049
0 0.297119 0.683186 0.018225 0.017049
0 0.328865 0.674662 0.018225 0.017637
0 0.330041 0.654380 0.019400 0.017049
0 0.387066 0.656731 0.018225 0.017049
0 0.259200 0.638801 0.017637 0.017637
0 0.278307 0.644092 0.018225 0.018812
0 0.295650 0.634686 0.017637 0.016461
0 0.328571 0.631158 0.017637 0.016461
0 0.293298 0.614403 0.017637 0.017049
0 0.333275 0.602352 0.018812 0.017637
0 0.275955 0.588242 0.018225 0.017637
0 0.227160 0.592945 0.019400 0.016461
0 0.225985 0.574133 0.019400 0.018812
0 0.237743 0.555908 0.017049 0.018812
0 0.346796 0.515050 0.018812 0.019400
0 0.398236 0.510053 0.018225 0.018812
0 0.478718 0.809583 0.019988 0.018225
0 0.478424 0.899236 0.020576 0.017637