0 0.066522 0.813503 0.016280 0.016732
0 0.070140 0.794284 0.016280 0.018089
0 0.089133 0.759463 0.017184 0.017184
0 0.104735 0.750192 0.015828 0.017637
0 0.133903 0.759915 0.017184 0.017184
0 0.151314 0.731425 0.018541 0.017184
0 0.142721 0.821191 0.016732 0.017637
0 0.177317 0.867996 0.015376 0.017184
0 0.176864 0.785013 0.016280 0.018541
0 0.205354 0.791344 0.017184 0.016732
0 0.214625 0.837471 0.016732 0.017637
0 0.223217 0.865057 0.016732 0.018541
0 0.221860 0.884050 0.015828 0.016732
0 0.263917 0.892416 0.017637 0.017184
0 0.257586 0.910279 0.017637 0.016732
0 0.306426 0.954868 0.015828 0.015828
0 0.288337 0.840682 0.018541 0.018089
0 0.319767 0.826663 0.017184 0.016280
0 0.327228 0.807896 0.016732 0.017637
0 0.105187 0.702302 0.015828 0.017184
0 0.125763 0.680369 0.018993 0.017637
0 0.185230 0.641252 0.016732 0.018089
0 0.188170 0.619997 0.018089 0.018089
0 0.194275 0.601456 0.016732 0.018089
0 0.201510 0.582237 0.018541 0.019446
0 0.224122 0.577714 0.016732 0.018541
0 0.256003 0.595803 0.017184 0.017637
0 0.297156 0.581558 0.018089 0.018089
0 0.289016 0.598969 0.016280 0.015828
0 0.385791 0.585402 0.017184 0.016732
0 0.274997 0.650522 0.018089 0.017637
0 0.290372 0.639217 0.017184 0.017637
0 0.308235 0.630398 0.017637 0.017184
0 0.317732 0.647357 0.016732 0.017637
0 0.276353 0.766517 0.017184 0.017184
0 0.314566 0.747976 0.017637 0.018089
0 0.338534 0.738480 0.017637 0.017184
0 0.354588 0.750464 0.017184 0.018541
0 0.400262 0.846335 0.018089 0.016732
0 0.368833 0.673586 0.017637 0.017637
0 0.383530 0.685570 0.017184 0.018089
0 0.372903 0.705693 0.017637 0.018541
0 0.395514 0.701397 0.016732 0.017184
0 0.414507 0.704563 0.017637 0.017184
0 0.393253 0.730566 0.017637 0.017637
0 0.416995 0.732601 0.015376 0.016280
0 0.412472 0.883869 0.018089 0.016732
0 0.421969 0.865554 0.018089 0.018089
0 0.434405 0.722426 0.018541 0.017637
0 0.475105 0.773527 0.017637 0.017637