0 0.231757 0.977017 0.017637 0.017086
0 0.156526 0.896274 0.017086 0.016534
0 0.164793 0.864032 0.018188 0.018188
0 0.183256 0.872299 0.016534 0.017086
0 0.147156 0.787423 0.017086 0.018188
0 0.097002 0.768133 0.018188 0.017086
0 0.072751 0.765377 0.017086 0.017086
0 0.152116 0.760417 0.018188 0.017086
0 0.146881 0.741678 0.018739 0.018188
0 0.116016 0.714947 0.016534 0.017637
0 0.124835 0.697310 0.018739 0.017637
0 0.086806 0.694830 0.016534 0.017086
0 0.085979 0.674438 0.018188 0.018188
0 0.227899 0.854938 0.016534 0.016534
0 0.246362 0.849702 0.018188 0.018188
0 0.268133 0.842813 0.017637 0.017637
0 0.254354 0.824901 0.017637 0.018188
0 0.271164 0.800650 0.018188 0.018188
0 0.341160 0.814429 0.018188 0.018188
0 0.294037 0.770062 0.017637 0.017637
0 0.336199 0.762621 0.017086 0.018188
0 0.381118 0.781636 0.017637 0.018739
0 0.218254 0.706680 0.018188 0.016534
0 0.244158 0.685736 0.018188 0.016534
0 0.286872 0.729277 0.017637 0.017637
0 0.267582 0.715498 0.016534 0.016534
0 0.262070 0.695106 0.015432 0.017637
0 0.280809 0.690972 0.017637 0.017086
0 0.132000 0.611883 0.018739 0.017637
0 0.147156 0.567791 0.018188 0.016534
0 0.172509 0.597002 0.019290 0.018739
0 0.190972 0.552634 0.017637 0.019290
0 0.230104 0.600033 0.017637 0.018188
0 0.249669 0.594522 0.018188 0.015983
0 0.263172 0.614638 0.019841 0.017637
0 0.234237 0.631173 0.019290 0.017637
0 0.331239 0.615741 0.018188 0.017637
0 0.378086 0.603340 0.018188 0.018188
0 0.377039 0.670635 0.016534 0.017637
0 0.396605 0.665675 0.017086 0.015432
0 0.431603 0.646936 0.017637 0.016534
0 0.458058 0.648865 0.017637 0.019290
0 0.405974 0.686894 0.018188 0.018188
0 0.423336 0.694885 0.016534 0.018739
0 0.434358 0.711420 0.018739 0.017637
0 0.411486 0.715278 0.018188 0.018739
0 0.428296 0.748898 0.017637 0.018739
0 0.418926 0.777557 0.017637 0.017637
0 0.440421 0.768188 0.017637 0.016534
0 0.478450 0.814484 0.018739 0.018739