0 0.078453 0.947394 0.017637 0.018245
0 0.113118 0.921851 0.016420 0.017029
0 0.102779 0.899349 0.017637 0.017029
0 0.190963 0.878976 0.017637 0.017637
0 0.269720 0.908472 0.019461 0.018245
0 0.277322 0.858602 0.018853 0.018245
0 0.477711 0.973849 0.020677 0.020069
0 0.441525 0.865596 0.018853 0.018853
0 0.358511 0.836100 0.017029 0.019461
0 0.098522 0.825762 0.016420 0.018245
0 0.172110 0.831539 0.018853 0.017637
0 0.223499 0.802956 0.019461 0.017637
0 0.208599 0.773460 0.018853 0.018245
0 0.152649 0.798699 0.018853 0.018853
0 0.133491 0.781670 0.017029 0.017637
0 0.107341 0.765554 0.018245 0.019461
0 0.074500 0.749742 0.018245 0.019461
0 0.295262 0.733625 0.017029 0.018853
0 0.346956 0.771331 0.018245 0.017637
0 0.359119 0.792921 0.018245 0.019461
0 0.373411 0.764641 0.017637 0.017637
0 0.402299 0.729672 0.018245 0.018245
0 0.379797 0.714164 0.017029 0.018853
0 0.405948 0.709907 0.018245 0.018853
0 0.478927 0.697136 0.019461 0.018853
0 0.311987 0.723591 0.017637 0.018245
0 0.333577 0.722070 0.018245 0.018853
0 0.329928 0.685580 0.018245 0.018853
0 0.246609 0.722678 0.017029 0.017637
0 0.230797 0.709299 0.015812 0.017637
0 0.236575 0.689534 0.018853 0.018245
0 0.246609 0.671289 0.017029 0.017029
0 0.162987 0.716597 0.018853 0.017637
0 0.128018 0.716901 0.018245 0.018245
0 0.124673 0.696831 0.017637 0.018245
0 0.125281 0.663079 0.017637 0.017637
0 0.127410 0.637232 0.017029 0.018245
0 0.406252 0.664903 0.018853 0.018853
0 0.455513 0.604087 0.018853 0.018853
0 0.335705 0.635407 0.018853 0.017029
0 0.359728 0.598309 0.019461 0.017029
0 0.300432 0.620507 0.017637 0.017637
0 0.323542 0.591011 0.018853 0.018245
0 0.344219 0.568813 0.018853 0.017637
0 0.311379 0.577024 0.017637 0.018245
0 0.304385 0.539622 0.018245 0.018853
0 0.249954 0.580064 0.017637 0.018245
0 0.199477 0.580673 0.018853 0.019461
0 0.154777 0.515295 0.018245 0.017637
0 0.103692 0.552393 0.018245 0.020069