0 0.070873 0.735319 0.018290 0.020250
0 0.093409 0.720295 0.020250 0.018943
0 0.090470 0.738912 0.018290 0.018290
0 0.109086 0.730747 0.020250 0.018943
0 0.100268 0.756875 0.018290 0.018943
0 0.089816 0.771572 0.018290 0.020903
0 0.103207 0.785290 0.018943 0.016983
0 0.126070 0.766673 0.020250 0.017637
0 0.117905 0.748710 0.019596 0.019596
0 0.135541 0.740218 0.020903 0.019596
0 0.234829 0.980926 0.018290 0.020250
0 0.260958 0.975374 0.020903 0.019596
0 0.216213 0.946306 0.018943 0.017637
0 0.225031 0.911359 0.016983 0.018290
0 0.235156 0.881638 0.020250 0.018943
0 0.242341 0.900581 0.021556 0.018943
0 0.242668 0.919524 0.018290 0.017637
0 0.260304 0.924750 0.019596 0.017637
0 0.275328 0.938794 0.018290 0.015677
0 0.259651 0.904501 0.018290 0.017637
0 0.253772 0.884904 0.018290 0.018943
0 0.273042 0.889803 0.018943 0.016983
0 0.271736 0.856490 0.018943 0.019596
0 0.394866 0.885231 0.018290 0.019596
0 0.029394 0.599451 0.018943 0.020250
0 0.196616 0.725521 0.017637 0.017637
0 0.246914 0.704945 0.018943 0.018290
0 0.214906 0.675224 0.017637 0.017637
0 0.201842 0.657914 0.018943 0.018290
0 0.186492 0.646482 0.018290 0.017637
0 0.279248 0.682082 0.018290 0.018290
0 0.356653 0.720948 0.017637 0.018943
0 0.424260 0.721928 0.018290 0.018290
0 0.478803 0.687308 0.018943 0.016983
0 0.478477 0.660853 0.018290 0.018943
0 0.480763 0.602717 0.018943 0.020250
0 0.198576 0.588347 0.018943 0.020250
0 0.212293 0.572996 0.017637 0.015677
0 0.217519 0.592593 0.017637 0.018290
0 0.237115 0.594879 0.020250 0.020250
0 0.232870 0.574629 0.019596 0.020250
0 0.251486 0.578222 0.018943 0.019596
0 0.192697 0.547521 0.020250 0.019596
0 0.219805 0.556013 0.019596 0.018290
0 0.211967 0.536743 0.018290 0.018943
0 0.240708 0.557646 0.019596 0.017637
0 0.262591 0.555033 0.020250 0.018943
0 0.280554 0.564505 0.018290 0.019596
0 0.236462 0.539029 0.020250 0.018290
0 0.235809 0.509961 0.020250 0.018943