0 0.479130 0.509326 0.020309 0.019240
0 0.437123 0.638395 0.017102 0.018706
0 0.466784 0.741008 0.017637 0.018706
0 0.478542 0.767463 0.019774 0.018171
0 0.430442 0.782160 0.018706 0.018706
0 0.435519 0.801935 0.018171 0.018706
0 0.445674 0.826786 0.017102 0.019240
0 0.427235 0.831864 0.017637 0.018706
0 0.440864 0.847363 0.018171 0.017637
0 0.403987 0.787772 0.018171 0.017102
0 0.378601 0.788039 0.018706 0.017637
0 0.274117 0.844690 0.017102 0.018706
0 0.323553 0.781091 0.018706 0.017637
0 0.317674 0.743413 0.016568 0.018171
0 0.335044 0.736198 0.018171 0.017637
0 0.344931 0.668056 0.017637 0.018171
0 0.394100 0.682753 0.018706 0.017637
0 0.393833 0.661910 0.018171 0.016568
0 0.414141 0.970018 0.018171 0.018171
0 0.321682 0.908289 0.017102 0.017637
0 0.200096 0.888515 0.017637 0.017637
0 0.177115 0.867404 0.018706 0.018171
0 0.194217 0.812891 0.018706 0.018171
0 0.232965 0.801935 0.017102 0.018706
0 0.045642 0.829459 0.016568 0.017102
0 0.130618 0.800599 0.017637 0.017102
0 0.122869 0.769066 0.017102 0.017102
0 0.137299 0.754636 0.018171 0.018171
0 0.168297 0.745551 0.018171 0.018171
0 0.214259 0.759714 0.018171 0.017637
0 0.218535 0.739137 0.018171 0.018171
0 0.261290 0.726044 0.017102 0.017637
0 0.021057 0.769066 0.018706 0.018171
0 0.008524 0.754102 0.017048 0.018171
0 0.054193 0.714018 0.018706 0.019240
0 0.130886 0.736465 0.016033 0.017102
0 0.126610 0.717225 0.018171 0.016033
0 0.146919 0.705467 0.016033 0.019240
0 0.172840 0.699856 0.018706 0.017637
0 0.243386 0.711079 0.017637 0.016568
0 0.237775 0.691572 0.018171 0.017102
0 0.244188 0.673668 0.016033 0.017637
0 0.289081 0.663513 0.017102 0.017637
0 0.228956 0.651488 0.018706 0.018171
0 0.159746 0.645877 0.018171 0.017637
0 0.068356 0.528833 0.019240 0.020843
0 0.151194 0.512266 0.018171 0.020843
0 0.208113 0.573727 0.016568 0.017637
0 0.207311 0.597242 0.018171 0.017637
0 0.232163 0.594036 0.018706 0.018706