0 0.120844 0.893788 0.017637 0.017637
0 0.196616 0.925469 0.017637 0.016983
0 0.207068 0.909465 0.017637 0.017637
0 0.218499 0.891828 0.018290 0.018943
0 0.226664 0.911425 0.020250 0.020250
0 0.218826 0.928408 0.017637 0.017637
0 0.236462 0.937226 0.017637 0.019596
0 0.247893 0.974786 0.020903 0.020250
0 0.318767 0.982625 0.020250 0.020250
0 0.257365 0.933960 0.018943 0.016983
0 0.243321 0.920243 0.019596 0.019596
0 0.244301 0.900320 0.020250 0.020250
0 0.261937 0.912731 0.017637 0.018943
0 0.276635 0.937880 0.018290 0.016983
0 0.291005 0.925469 0.018290 0.018290
0 0.302110 0.909792 0.016983 0.018290
0 0.341303 0.898034 0.019596 0.018290
0 0.395519 0.814096 0.018290 0.018943
0 0.368737 0.780129 0.018290 0.017637
0 0.279248 0.721994 0.018290 0.017637
0 0.409236 0.678882 0.018290 0.016330
0 0.478477 0.691946 0.020903 0.020250
0 0.479130 0.719054 0.019596 0.018290
0 0.478803 0.738977 0.018943 0.017637
0 0.081325 0.768372 0.018290 0.017637
0 0.099941 0.766739 0.020250 0.016983
0 0.093083 0.748449 0.019596 0.018290
0 0.112352 0.750408 0.020250 0.018290
0 0.125416 0.735711 0.020250 0.018943
0 0.114638 0.718401 0.020903 0.019596
0 0.091776 0.722320 0.020903 0.019596
0 0.067607 0.713502 0.020903 0.021556
0 0.050297 0.710562 0.020250 0.020903
0 0.076426 0.618133 0.018943 0.018943
0 0.086877 0.641649 0.018943 0.018943
0 0.196290 0.535175 0.019596 0.018943
0 0.232216 0.596904 0.020903 0.019596
0 0.248547 0.607355 0.018290 0.016983
0 0.248220 0.586452 0.021556 0.022209
0 0.230583 0.578287 0.018943 0.018943
0 0.246587 0.567183 0.018290 0.017637
0 0.237115 0.549219 0.017637 0.018290
0 0.253772 0.511333 0.019596 0.020903
0 0.253772 0.539095 0.018290 0.018943
0 0.263244 0.555098 0.017637 0.016983
0 0.284800 0.556731 0.020250 0.017637
0 0.264877 0.575674 0.018290 0.020250
0 0.284147 0.577961 0.017637 0.018290
0 0.274022 0.594944 0.018290 0.018290
0 0.292965 0.595924 0.018290 0.018943