0 0.007823 0.814473 0.015645 0.015930
0 0.018206 0.797690 0.017637 0.016499
0 0.009245 0.712636 0.018490 0.019343
0 0.061444 0.749900 0.017637 0.016499
0 0.017637 0.621039 0.017637 0.018206
0 0.136258 0.618763 0.018206 0.018206
0 0.155317 0.636400 0.019912 0.017068
0 0.147636 0.654321 0.018206 0.019912
0 0.166980 0.655174 0.019343 0.018206
0 0.157023 0.672242 0.019912 0.017068
0 0.141093 0.681629 0.017637 0.018775
0 0.131706 0.726859 0.018206 0.017068
0 0.207089 0.532855 0.018775 0.018206
0 0.287876 0.510667 0.017637 0.019343
0 0.420436 0.509530 0.017637 0.018206
0 0.259145 0.636115 0.018206 0.017637
0 0.206804 0.685043 0.018206 0.017637
0 0.399670 0.626444 0.017068 0.018775
0 0.400523 0.671104 0.017637 0.018206
0 0.445184 0.669113 0.017068 0.017637
0 0.255732 0.698982 0.017068 0.017068
0 0.286738 0.704386 0.016499 0.016499
0 0.364966 0.685327 0.017068 0.018206
0 0.302953 0.716618 0.019343 0.018206
0 0.329977 0.714627 0.018775 0.017637
0 0.258292 0.718894 0.018775 0.018206
0 0.162713 0.749332 0.016499 0.017637
0 0.221881 0.742504 0.017637 0.018775
0 0.176367 0.821585 0.016499 0.017637
0 0.244069 0.798828 0.017637 0.017637
0 0.273084 0.805086 0.018775 0.017637
0 0.243500 0.850600 0.017637 0.018775
0 0.288445 0.852591 0.017637 0.018206
0 0.309211 0.842351 0.018206 0.017068
0 0.320589 0.883029 0.018206 0.017637
0 0.344484 0.878762 0.018206 0.017068
0 0.338795 0.897537 0.018206 0.017068
0 0.374068 0.908631 0.017068 0.017637
0 0.409626 0.852876 0.017637 0.017637
0 0.322296 0.816180 0.017068 0.015930
0 0.343631 0.816465 0.017637 0.018775
0 0.302953 0.735393 0.017068 0.018206
0 0.317460 0.760710 0.017637 0.017637
0 0.346191 0.736815 0.018206 0.018775
0 0.346191 0.757012 0.017068 0.019343
0 0.366103 0.757296 0.018206 0.017637
0 0.365819 0.777209 0.018775 0.017637
0 0.384309 0.748194 0.018206 0.017637
0 0.478637 0.952153 0.019343 0.018206
0 0.480344 0.743642 0.018206 0.018775