0 0.135209 0.441342 0.022976 0.027153
0 0.155573 0.535682 0.019843 0.027849
0 0.270713 0.521409 0.022454 0.028546
0 0.333635 0.590336 0.021931 0.027153
0 0.330241 0.614008 0.020365 0.028546
0 0.221890 0.408619 0.020887 0.027153
0 0.168628 0.378681 0.022976 0.028546
0 0.253742 0.370327 0.020887 0.027153
0 0.285856 0.353269 0.020365 0.029242
0 0.304915 0.348395 0.018798 0.029242
0 0.179071 0.295481 0.021931 0.027849
0 0.166017 0.242916 0.021931 0.028546
0 0.259225 0.270417 0.021409 0.027849
0 0.433318 0.057787 0.021409 0.030634
0 0.459949 0.093992 0.021409 0.027849
0 0.475876 0.170577 0.020887 0.029242
0 0.422875 0.239156 0.020365 0.029938
0 0.448983 0.235327 0.020365 0.030634
0 0.492063 0.202256 0.019843 0.029938
0 0.509295 0.209914 0.020887 0.027153
0 0.573783 0.124626 0.020365 0.027849
0 0.574306 0.098169 0.021409 0.026457
0 0.721820 0.077282 0.021931 0.027849
0 0.748973 0.126714 0.021931 0.027849
0 0.770643 0.159437 0.022454 0.029242
0 0.687095 0.203996 0.020365 0.030634
0 0.670908 0.221402 0.019320 0.029242
0 0.685268 0.264917 0.021931 0.029938
0 0.635139 0.269790 0.019843 0.027153
0 0.629134 0.291722 0.020365 0.027849
0 0.617385 0.273272 0.019843 0.027153
0 0.572217 0.267354 0.022454 0.030634
0 0.572478 0.297640 0.021931 0.028546
0 0.493107 0.302165 0.019843 0.030634
0 0.465171 0.280930 0.020365 0.028546
0 0.415303 0.474135 0.016710 0.027849
0 0.484752 0.400682 0.020887 0.028546
0 0.521044 0.345332 0.019320 0.029242
0 0.545064 0.335933 0.021409 0.029938
0 0.554463 0.373529 0.022454 0.027153
0 0.614252 0.373181 0.019843 0.027849
0 0.485014 0.463343 0.020365 0.028546
0 0.498068 0.444197 0.021409 0.027849
0 0.530704 0.427139 0.019843 0.028546
0 0.539842 0.456729 0.020365 0.027849
0 0.492585 0.534707 0.020887 0.029242
0 0.548719 0.513820 0.020365 0.027849
0 0.565951 0.506510 0.020365 0.028546
0 0.616602 0.472046 0.022454 0.029242
0 0.603286 0.445589 0.018798 0.025064
0 0.588143 0.430272 0.019843 0.027849
0 0.604853 0.418784 0.020887 0.024368
0 0.672474 0.457425 0.021409 0.027849
0 0.655765 0.532967 0.023498 0.028546
0 0.580311 0.628003 0.020887 0.029242
0 0.599109 0.623825 0.020887 0.030634
0 0.657592 0.616167 0.021931 0.032027
0 0.453422 0.805542 0.021931 0.029242
0 0.607464 0.773863 0.020887 0.031331
0 0.794663 0.545012 0.021409 0.027849
0 0.775343 0.464248 0.021409 0.029242
0 0.746623 0.452412 0.022454 0.027849
0 0.738268 0.375479 0.022454 0.029938
0 0.762289 0.416208 0.021409 0.030634
0 0.778998 0.408550 0.021409 0.027849
0 0.782914 0.383833 0.022976 0.029938
0 0.832782 0.386967 0.023498 0.029242
0 0.898837 0.366428 0.022976 0.025761
0 0.800668 0.182622 0.022976 0.027153