0 0.114383 0.595261 0.019593 0.025516
0 0.164961 0.474666 0.021416 0.026124
0 0.222145 0.406318 0.020960 0.026731
0 0.256318 0.364399 0.020960 0.027947
0 0.273861 0.401154 0.020504 0.027339
0 0.264292 0.420899 0.018682 0.025516
0 0.158126 0.306987 0.021416 0.028554
0 0.203235 0.278433 0.018682 0.024909
0 0.181820 0.252612 0.020504 0.025516
0 0.174985 0.231956 0.021416 0.025516
0 0.459310 0.142345 0.019593 0.029769
0 0.448603 0.265978 0.018226 0.025516
0 0.454754 0.287849 0.019593 0.025516
0 0.459083 0.428190 0.019137 0.026731
0 0.321704 0.540279 0.020504 0.027339
0 0.271355 0.606197 0.020960 0.026731
0 0.398026 0.605286 0.020960 0.026124
0 0.379572 0.718591 0.020504 0.029162
0 0.459584 0.594228 0.019593 0.026124
0 0.475532 0.530134 0.019593 0.026731
0 0.661437 0.649514 0.022327 0.027339
0 0.610176 0.596051 0.020960 0.027339
0 0.546613 0.517132 0.018682 0.026731
0 0.563016 0.527461 0.019593 0.025516
0 0.574863 0.511057 0.018682 0.027947
0 0.591722 0.521993 0.018682 0.026731
0 0.609948 0.513487 0.018682 0.027947
0 0.639338 0.539307 0.020049 0.027339
0 0.476899 0.416282 0.020504 0.026731
0 0.515629 0.456379 0.021416 0.026731
0 0.535222 0.445444 0.021416 0.026731
0 0.464596 0.306622 0.018682 0.024909
0 0.489201 0.361908 0.018682 0.027339
0 0.507655 0.363426 0.020049 0.027947
0 0.549803 0.407776 0.022327 0.026731
0 0.566206 0.375273 0.018682 0.023694
0 0.599924 0.400182 0.021416 0.026124
0 0.616783 0.449089 0.019593 0.026731
0 0.625213 0.470960 0.020049 0.026731
0 0.643666 0.478554 0.019593 0.027339
0 0.630908 0.433293 0.019593 0.026731
0 0.640933 0.411422 0.019593 0.026731
0 0.769654 0.534447 0.021871 0.027339
0 0.790614 0.552977 0.020960 0.027947
0 0.753022 0.378919 0.020504 0.027339
0 0.503782 0.282625 0.018682 0.027947
0 0.524058 0.240705 0.020960 0.025516
0 0.539095 0.283840 0.020960 0.026731
0 0.548208 0.312697 0.019137 0.026124
0 0.485328 0.154435 0.020049 0.026731
0 0.506060 0.147023 0.020504 0.027947
0 0.524970 0.040097 0.018226 0.025516
0 0.539323 0.154617 0.020504 0.027339
0 0.563244 0.174666 0.020049 0.027339
0 0.714064 0.059538 0.019137 0.026731
0 0.719532 0.086574 0.019137 0.028554
0 0.740264 0.229648 0.020504 0.027947
0 0.686042 0.245140 0.020504 0.027339
0 0.683308 0.268530 0.019593 0.024301
0 0.703357 0.265492 0.020504 0.027947
0 0.714292 0.290401 0.021416 0.029162
0 0.621795 0.305893 0.019593 0.026124
0 0.687181 0.318044 0.020049 0.026124
0 0.889809 0.310936 0.018682 0.021871
0 0.811437 0.451883 0.021416 0.027947
0 0.829435 0.459174 0.019137 0.026731
0 0.818044 0.513852 0.021871 0.027947
0 0.848117 0.185905 0.020049 0.023086