0 0.313482 0.646152 0.020397 0.028203
0 0.337467 0.653455 0.019264 0.026692
0 0.312349 0.536110 0.021152 0.026692
0 0.383171 0.519239 0.018508 0.027196
0 0.438130 0.458048 0.018886 0.026692
0 0.190912 0.475171 0.020775 0.026692
0 0.135954 0.404160 0.020397 0.024678
0 0.222452 0.417254 0.019641 0.026692
0 0.242660 0.413477 0.020775 0.026189
0 0.264567 0.407182 0.019264 0.025685
0 0.266078 0.383259 0.021530 0.025181
0 0.223207 0.367899 0.019641 0.024678
0 0.149741 0.319299 0.020019 0.026189
0 0.160506 0.223610 0.019641 0.025181
0 0.274199 0.219329 0.018886 0.026692
0 0.397902 0.271706 0.017753 0.025685
0 0.420188 0.268936 0.019264 0.028203
0 0.423398 0.350020 0.019641 0.026189
0 0.410745 0.103243 0.018508 0.026189
0 0.476506 0.046837 0.018886 0.027196
0 0.548650 0.065975 0.018886 0.029210
0 0.593410 0.077558 0.019264 0.027196
0 0.689351 0.127669 0.020775 0.027699
0 0.724101 0.084106 0.019264 0.027196
0 0.528631 0.173751 0.018886 0.027196
0 0.484627 0.241237 0.019264 0.026189
0 0.476128 0.262641 0.018886 0.024678
0 0.514844 0.274728 0.018508 0.026692
0 0.508801 0.342718 0.018508 0.026692
0 0.495203 0.395598 0.019264 0.025685
0 0.541851 0.349768 0.018886 0.026692
0 0.594921 0.243251 0.019264 0.024174
0 0.586611 0.220085 0.020775 0.027196
0 0.622306 0.205228 0.019641 0.028707
0 0.619284 0.236201 0.018886 0.025181
0 0.630049 0.254835 0.017753 0.027196
0 0.648557 0.258108 0.018508 0.026692
0 0.603797 0.354301 0.019641 0.026692
0 0.621739 0.349768 0.018508 0.026692
0 0.634393 0.366136 0.019641 0.025181
0 0.458753 0.484992 0.018886 0.026189
0 0.482549 0.508411 0.020397 0.025685
0 0.534864 0.463336 0.018508 0.026189
0 0.580756 0.421283 0.018886 0.027699
0 0.603420 0.425564 0.020397 0.025181
0 0.635904 0.424053 0.020397 0.026189
0 0.569236 0.480963 0.019264 0.027196
0 0.535241 0.537369 0.020019 0.027196
0 0.500491 0.594027 0.018508 0.025685
0 0.560360 0.557766 0.018886 0.024678
0 0.666877 0.540139 0.019641 0.026692
0 0.530142 0.618201 0.018886 0.025685
0 0.666499 0.624748 0.021152 0.025685
0 0.480472 0.773318 0.019264 0.028707
0 0.650635 0.820659 0.022663 0.028707
0 0.668387 0.650937 0.020397 0.026692
0 0.706915 0.402649 0.020397 0.026692
0 0.731655 0.431859 0.019264 0.027699
0 0.746198 0.347754 0.019641 0.025685
0 0.756169 0.123691 0.018886 0.026189
0 0.765235 0.156174 0.020397 0.026692
0 0.801873 0.170528 0.021152 0.027196
0 0.785254 0.330429 0.021152 0.028707
0 0.772411 0.360647 0.019641 0.027699
0 0.789598 0.369208 0.018508 0.025685
0 0.904991 0.409498 0.018886 0.024678
0 0.753525 0.420326 0.021152 0.025181
0 0.756169 0.443997 0.021908 0.025181
0 0.817549 0.568141 0.021530 0.026692