0 0.139864 0.359144 0.019992 0.028607
0 0.135232 0.474221 0.021455 0.027306
0 0.131997 0.566401 0.020669 0.025837
0 0.285296 0.499512 0.020669 0.027559
0 0.316300 0.593960 0.020669 0.028133
0 0.232976 0.416260 0.021961 0.026411
0 0.279913 0.404203 0.021961 0.025263
0 0.277760 0.367744 0.021961 0.025837
0 0.227809 0.368892 0.019378 0.028133
0 0.358285 0.608888 0.021961 0.025837
0 0.417279 0.803525 0.020239 0.029282
0 0.235560 0.279038 0.020239 0.026411
0 0.186040 0.255210 0.019378 0.024689
0 0.171614 0.244589 0.020669 0.027559
0 0.426580 0.091003 0.021961 0.025837
0 0.498708 0.075788 0.018947 0.026411
0 0.558994 0.120859 0.022392 0.028133
0 0.491818 0.148418 0.019808 0.026985
0 0.499785 0.168226 0.018516 0.026411
0 0.555764 0.167365 0.021961 0.025837
0 0.702173 0.045932 0.020239 0.026411
0 0.724996 0.126313 0.020239 0.027559
0 0.453924 0.248321 0.018947 0.026985
0 0.437130 0.272435 0.019808 0.026985
0 0.498708 0.235115 0.019808 0.026985
0 0.567391 0.237412 0.019378 0.026985
0 0.490096 0.295114 0.018947 0.029856
0 0.472656 0.305736 0.019378 0.026985
0 0.491172 0.320664 0.019378 0.026985
0 0.540047 0.334730 0.019808 0.026411
0 0.525191 0.354539 0.019378 0.026985
0 0.571482 0.338462 0.019808 0.026985
0 0.630476 0.319228 0.020669 0.025263
0 0.651361 0.295114 0.020239 0.027559
0 0.645547 0.266981 0.019808 0.026411
0 0.683011 0.252914 0.018947 0.026985
0 0.711216 0.268129 0.020239 0.027559
0 0.687963 0.229374 0.021961 0.024689
0 0.711431 0.381811 0.019808 0.026411
0 0.613251 0.386978 0.020669 0.026411
0 0.588061 0.412815 0.019378 0.026411
0 0.561362 0.431762 0.018516 0.025263
0 0.538971 0.425159 0.018516 0.024689
0 0.516579 0.420279 0.018516 0.025263
0 0.498493 0.421427 0.018516 0.028708
0 0.445527 0.471953 0.020239 0.027559
0 0.487728 0.484584 0.020239 0.025263
0 0.472441 0.563817 0.021531 0.027559
0 0.551674 0.513866 0.019808 0.025263
0 0.555980 0.489464 0.021531 0.025837
0 0.587630 0.488029 0.020239 0.027559
0 0.608084 0.446977 0.020669 0.026985
0 0.626600 0.463915 0.018947 0.025263
0 0.633706 0.489177 0.020239 0.025263
0 0.711647 0.463340 0.021100 0.028708
0 0.586984 0.571281 0.019808 0.027559
0 0.631983 0.563530 0.021100 0.026985
0 0.638658 0.594534 0.019808 0.030430
0 0.588276 0.597405 0.018947 0.026985
0 0.604209 0.697020 0.020669 0.027559
0 0.817319 0.507895 0.021100 0.026411
0 0.788899 0.496124 0.022823 0.028133
0 0.787176 0.446173 0.019378 0.025837
0 0.804832 0.438422 0.021961 0.026411
0 0.790837 0.420624 0.021531 0.028708
0 0.779210 0.401964 0.019808 0.029282
0 0.895045 0.340242 0.019808 0.024114