0 0.138584 0.552438 0.022174 0.026219
0 0.321837 0.598460 0.021338 0.027892
0 0.354053 0.599855 0.022174 0.028450
0 0.435429 0.467645 0.020919 0.028450
0 0.276233 0.499721 0.021338 0.026777
0 0.133981 0.465971 0.023848 0.026219
0 0.229374 0.421064 0.021338 0.026777
0 0.286693 0.389546 0.021338 0.026219
0 0.287738 0.357749 0.020919 0.025103
0 0.235022 0.369184 0.020083 0.026777
0 0.147579 0.368069 0.020919 0.026777
0 0.184606 0.271840 0.020501 0.026219
0 0.169753 0.244505 0.020083 0.027335
0 0.244435 0.276582 0.019664 0.025661
0 0.430952 0.076983 0.020501 0.026777
0 0.487434 0.082283 0.020501 0.028450
0 0.487853 0.155640 0.020501 0.026777
0 0.498313 0.176280 0.018827 0.024545
0 0.562953 0.113243 0.020919 0.027892
0 0.561907 0.154245 0.023011 0.029566
0 0.493710 0.222024 0.022174 0.026777
0 0.443295 0.246011 0.020083 0.027892
0 0.446433 0.269720 0.022174 0.025103
0 0.472791 0.290360 0.019664 0.026219
0 0.491200 0.295660 0.019664 0.027892
0 0.501241 0.328852 0.019664 0.026219
0 0.509818 0.369296 0.020083 0.026777
0 0.546218 0.334152 0.019246 0.027892
0 0.571112 0.316300 0.021338 0.029008
0 0.573413 0.247406 0.020083 0.027335
0 0.477393 0.551434 0.021338 0.027335
0 0.497057 0.482539 0.021338 0.026777
0 0.503124 0.429823 0.019246 0.027335
0 0.518813 0.419502 0.020501 0.027892
0 0.537850 0.434006 0.017572 0.025661
0 0.552284 0.419781 0.018827 0.027335
0 0.560443 0.492581 0.019246 0.025661
0 0.548937 0.509874 0.020501 0.024545
0 0.584291 0.480587 0.020083 0.026219
0 0.589730 0.420618 0.019246 0.026777
0 0.604374 0.438748 0.020919 0.025103
0 0.615042 0.387426 0.021338 0.026219
0 0.623201 0.467198 0.021756 0.027335
0 0.643702 0.478634 0.020083 0.026777
0 0.580735 0.606103 0.020501 0.027335
0 0.593705 0.588810 0.020501 0.028450
0 0.638054 0.551992 0.022174 0.026219
0 0.643702 0.600524 0.021756 0.030682
0 0.601863 0.717394 0.020083 0.029008
0 0.425722 0.804139 0.021756 0.028450
0 0.808588 0.513109 0.021338 0.027892
0 0.787250 0.482149 0.022174 0.029566
0 0.730977 0.460114 0.020919 0.027892
0 0.785368 0.437242 0.020919 0.030124
0 0.803567 0.431106 0.021338 0.027892
0 0.789761 0.411581 0.019664 0.030124
0 0.775326 0.396240 0.020919 0.026219
0 0.897286 0.345476 0.020501 0.023988
0 0.716543 0.385083 0.023011 0.027335
0 0.627427 0.313400 0.022174 0.027892
0 0.645626 0.298059 0.019246 0.027335
0 0.635376 0.271561 0.022174 0.026777
0 0.703155 0.271561 0.021338 0.027892
0 0.680143 0.243389 0.019664 0.029566
0 0.692695 0.226096 0.020501 0.026219
0 0.819885 0.206293 0.023011 0.030124
0 0.782857 0.157481 0.020083 0.027335
0 0.737253 0.138068 0.020919 0.028450
0 0.707548 0.051601 0.019246 0.028450