0 0.150835 0.371497 0.021455 0.027306
0 0.133038 0.460243 0.022918 0.026656
0 0.140352 0.550614 0.020967 0.026656
0 0.272739 0.501528 0.023406 0.028607
0 0.225928 0.420909 0.021455 0.028607
0 0.239825 0.367921 0.020967 0.029257
0 0.288830 0.380599 0.021455 0.028607
0 0.292731 0.352968 0.022430 0.027957
0 0.182774 0.279826 0.019992 0.028607
0 0.167902 0.244392 0.021455 0.030557
0 0.248115 0.273324 0.020967 0.028607
0 0.433164 0.074117 0.020480 0.028607
0 0.438772 0.245758 0.019992 0.028607
0 0.450231 0.263962 0.019505 0.026006
0 0.474368 0.286067 0.020967 0.028607
0 0.429751 0.468110 0.021455 0.028607
0 0.350026 0.595540 0.020967 0.028607
0 0.323939 0.601716 0.020480 0.029257
0 0.432189 0.804564 0.021455 0.030557
0 0.602172 0.728691 0.021455 0.029907
0 0.578522 0.610689 0.021943 0.027957
0 0.593394 0.595735 0.021455 0.029257
0 0.647276 0.605162 0.020967 0.031207
0 0.641912 0.546323 0.022918 0.026656
0 0.479293 0.546648 0.022430 0.026006
0 0.500260 0.480333 0.020480 0.027306
0 0.548534 0.510240 0.019505 0.028607
0 0.561700 0.494636 0.020480 0.027306
0 0.585836 0.473506 0.020967 0.029257
0 0.622651 0.469605 0.019505 0.026656
0 0.648983 0.473181 0.022430 0.027306
0 0.504892 0.433197 0.020967 0.026656
0 0.521228 0.422469 0.018529 0.028607
0 0.538294 0.438723 0.018529 0.026006
0 0.548778 0.410767 0.021943 0.027306
0 0.501479 0.379234 0.019992 0.026656
0 0.505136 0.333073 0.020480 0.029257
0 0.490995 0.296665 0.017554 0.026656
0 0.495628 0.218321 0.020967 0.027306
0 0.549753 0.336649 0.019017 0.027306
0 0.569501 0.313244 0.020480 0.028607
0 0.576816 0.251479 0.021455 0.028607
0 0.626796 0.309993 0.020967 0.028607
0 0.643619 0.295039 0.020480 0.029907
0 0.629478 0.272284 0.021455 0.028607
0 0.606072 0.435797 0.021455 0.026656
0 0.589981 0.423770 0.019505 0.028607
0 0.615825 0.387686 0.020480 0.029257
0 0.717980 0.384760 0.021943 0.027306
0 0.738460 0.458878 0.020967 0.028607
0 0.786977 0.479033 0.021455 0.028607
0 0.805263 0.519992 0.021943 0.027306
0 0.784783 0.431246 0.020967 0.027957
0 0.805263 0.427671 0.021943 0.027306
0 0.788440 0.405565 0.019505 0.027306
0 0.771618 0.395813 0.020967 0.028607
0 0.700913 0.273584 0.020967 0.028607
0 0.679458 0.238476 0.019992 0.027306
0 0.693112 0.221572 0.020967 0.028607
0 0.496603 0.180612 0.019017 0.024706
0 0.487094 0.160458 0.020480 0.026006
0 0.481243 0.084715 0.019505 0.026656
0 0.565113 0.109746 0.022430 0.028607
0 0.565113 0.148755 0.023406 0.028607
0 0.710910 0.057408 0.020480 0.029257
0 0.739191 0.140628 0.020480 0.027957
0 0.784296 0.166959 0.020967 0.027306
0 0.815503 0.202718 0.020967 0.031207
0 0.897373 0.349522 0.019505 0.023406