0 0.113576 0.592329 0.018942 0.025255
0 0.147495 0.487196 0.022466 0.027605
0 0.307838 0.515682 0.019823 0.027018
0 0.287134 0.598790 0.021585 0.026430
0 0.375235 0.631681 0.019823 0.027605
0 0.395278 0.760895 0.021144 0.029954
0 0.138905 0.328028 0.019382 0.026430
0 0.175687 0.244039 0.019823 0.026430
0 0.186920 0.226418 0.021144 0.024081
0 0.210138 0.287621 0.020397 0.024678
0 0.228457 0.400433 0.020775 0.028707
0 0.241866 0.366690 0.020397 0.026692
0 0.260941 0.390361 0.022285 0.026692
0 0.265474 0.414031 0.020019 0.027699
0 0.437487 0.130842 0.020019 0.029210
0 0.428422 0.251964 0.020775 0.027699
0 0.501133 0.155268 0.019641 0.026692
0 0.508310 0.134619 0.019641 0.025685
0 0.527951 0.057665 0.021152 0.028707
0 0.551370 0.152851 0.021152 0.026692
0 0.532484 0.179291 0.019641 0.027196
0 0.544004 0.225373 0.020775 0.027699
0 0.479037 0.261886 0.021530 0.028203
0 0.472804 0.292859 0.020397 0.027699
0 0.482625 0.313759 0.020397 0.025181
0 0.479037 0.341710 0.020775 0.029714
0 0.532106 0.268181 0.021152 0.029714
0 0.544760 0.322069 0.023041 0.026692
0 0.638057 0.314766 0.021530 0.027196
0 0.560435 0.353797 0.021152 0.027699
0 0.530406 0.387540 0.021530 0.024678
0 0.483569 0.400635 0.020775 0.029714
0 0.466194 0.459559 0.020019 0.026692
0 0.464683 0.502871 0.020019 0.027699
0 0.518508 0.440673 0.021152 0.026189
0 0.542493 0.437903 0.020019 0.027699
0 0.566290 0.396857 0.020019 0.026189
0 0.607084 0.391569 0.020775 0.027699
0 0.633713 0.448227 0.020397 0.027196
0 0.598585 0.450494 0.020397 0.027699
0 0.618982 0.464091 0.020397 0.026692
0 0.617282 0.487510 0.020019 0.026189
0 0.548348 0.510173 0.020397 0.027196
0 0.568367 0.515210 0.019641 0.025181
0 0.560435 0.536110 0.019641 0.025685
0 0.467516 0.605610 0.020397 0.027699
0 0.605573 0.528052 0.021530 0.026692
0 0.609728 0.555500 0.020775 0.027196
0 0.636357 0.575393 0.021908 0.027699
0 0.625025 0.601581 0.021152 0.027699
0 0.633902 0.672643 0.021530 0.028203
0 0.667065 0.439565 0.020019 0.027196
0 0.754319 0.418161 0.021530 0.028707
0 0.796057 0.536009 0.020397 0.029714
0 0.787180 0.482373 0.021530 0.026189
0 0.807577 0.475574 0.023041 0.026692
0 0.827407 0.484136 0.019641 0.026692
0 0.808899 0.447371 0.021908 0.028707
0 0.685763 0.353697 0.020397 0.028707
0 0.892753 0.325494 0.019641 0.024678
0 0.731467 0.253223 0.021152 0.027196
0 0.850826 0.201853 0.018886 0.026189
0 0.697283 0.272613 0.020775 0.028707
0 0.673864 0.272109 0.021530 0.025685
0 0.666877 0.248942 0.021908 0.028707
0 0.685763 0.250705 0.018131 0.026189
0 0.731089 0.115834 0.020397 0.028203
0 0.710881 0.084106 0.020019 0.026189
0 0.688407 0.021908 0.019641 0.025685