0 0.159497 0.235179 0.022969 0.031203
0 0.267407 0.247891 0.022969 0.026580
0 0.165997 0.316075 0.022969 0.027736
0 0.139345 0.428175 0.021669 0.028892
0 0.188750 0.375303 0.021669 0.027158
0 0.175098 0.511961 0.021235 0.027736
0 0.233171 0.408818 0.022969 0.029470
0 0.260690 0.365191 0.020802 0.028892
0 0.270224 0.384549 0.019935 0.028314
0 0.299260 0.368080 0.024269 0.028892
0 0.286042 0.537964 0.022102 0.028892
0 0.320929 0.598058 0.022536 0.030047
0 0.344115 0.627528 0.022102 0.030047
0 0.482838 0.798798 0.022536 0.030047
0 0.614585 0.824512 0.022536 0.030625
0 0.562579 0.647983 0.021669 0.030047
0 0.633436 0.635271 0.022969 0.028892
0 0.671790 0.629782 0.022536 0.030625
0 0.677641 0.526060 0.020369 0.027736
0 0.568430 0.531839 0.019502 0.030047
0 0.546761 0.524327 0.021235 0.026580
0 0.502774 0.552641 0.020802 0.026580
0 0.544594 0.483012 0.022102 0.028314
0 0.389229 0.481278 0.021669 0.028314
0 0.468537 0.481567 0.020802 0.027736
0 0.478505 0.459898 0.023402 0.027158
0 0.451852 0.404426 0.021235 0.027158
0 0.543944 0.439385 0.021669 0.027736
0 0.604400 0.447186 0.022969 0.026003
0 0.591182 0.431584 0.021669 0.028314
0 0.608301 0.422339 0.020369 0.024847
0 0.613718 0.399515 0.020802 0.025425
0 0.707977 0.457009 0.022102 0.030625
0 0.723145 0.432162 0.020369 0.028314
0 0.618268 0.361378 0.022102 0.028892
0 0.585765 0.347510 0.021235 0.028892
0 0.521409 0.363689 0.021669 0.027736
0 0.530726 0.342309 0.021235 0.030047
0 0.502340 0.322663 0.019935 0.028892
0 0.447302 0.315151 0.020802 0.027736
0 0.545678 0.278169 0.022536 0.031203
0 0.491939 0.222119 0.019935 0.027736
0 0.480671 0.203629 0.019935 0.027736
0 0.512741 0.198139 0.023402 0.029470
0 0.427800 0.231943 0.019935 0.028892
0 0.407648 0.232232 0.020369 0.029470
0 0.592266 0.262568 0.019502 0.030047
0 0.611768 0.264590 0.018635 0.030625
0 0.629753 0.270080 0.019069 0.027736
0 0.623902 0.247255 0.021235 0.032937
0 0.667456 0.255345 0.020802 0.029470
0 0.654455 0.214608 0.019935 0.030047
0 0.683491 0.161447 0.021669 0.033514
0 0.431267 0.100832 0.020802 0.028314
0 0.453369 0.040737 0.020802 0.027158
0 0.567347 0.089275 0.020802 0.029470
0 0.586415 0.088698 0.019935 0.031781
0 0.737707 0.096845 0.020369 0.027736
0 0.755258 0.088466 0.019935 0.029470
0 0.791012 0.149139 0.020369 0.028314
0 0.811814 0.139027 0.020369 0.028892
0 0.817448 0.327979 0.021235 0.032359
0 0.900439 0.397030 0.020802 0.026003
0 0.768910 0.363804 0.022102 0.030047
0 0.779094 0.387207 0.020802 0.026003
0 0.762409 0.397319 0.019502 0.027736
0 0.789062 0.406275 0.023402 0.028314
0 0.753958 0.447013 0.021669 0.030047
0 0.795562 0.575870 0.020802 0.031203