0 0.136441 0.399659 0.020652 0.026985
0 0.147800 0.317601 0.019413 0.025884
0 0.159778 0.223152 0.020239 0.026435
0 0.188278 0.471528 0.021065 0.027536
0 0.315701 0.538440 0.020652 0.026985
0 0.385505 0.523296 0.019826 0.027536
0 0.314049 0.654532 0.020652 0.028087
0 0.336147 0.656185 0.020239 0.026985
0 0.221115 0.413041 0.021478 0.027536
0 0.237430 0.422679 0.019413 0.025884
0 0.228549 0.366780 0.019826 0.026435
0 0.261386 0.384954 0.022717 0.027536
0 0.265104 0.408360 0.020239 0.026985
0 0.438374 0.464809 0.019000 0.026435
0 0.422266 0.354665 0.019826 0.025333
0 0.397690 0.279491 0.019413 0.028087
0 0.422059 0.273433 0.019413 0.028087
0 0.274397 0.215057 0.019000 0.025884
0 0.405538 0.105188 0.019413 0.027536
0 0.482404 0.047913 0.019000 0.025333
0 0.546632 0.065260 0.020239 0.028087
0 0.595991 0.074623 0.019826 0.028087
0 0.721349 0.077376 0.020239 0.028087
0 0.694088 0.124463 0.021065 0.027536
0 0.759555 0.127492 0.019826 0.029188
0 0.761827 0.160260 0.019413 0.027536
0 0.621393 0.202665 0.021065 0.026435
0 0.530937 0.175405 0.019413 0.026985
0 0.486741 0.246999 0.019413 0.026985
0 0.472491 0.269303 0.019000 0.026435
0 0.512970 0.273709 0.019000 0.027536
0 0.585458 0.217810 0.021065 0.028087
0 0.591860 0.245346 0.019000 0.026985
0 0.617882 0.232129 0.019000 0.026985
0 0.629654 0.250028 0.020239 0.026435
0 0.645969 0.261868 0.019000 0.025884
0 0.510491 0.346404 0.019000 0.027536
0 0.539404 0.343650 0.019826 0.026435
0 0.490459 0.400650 0.020239 0.025884
0 0.457622 0.489591 0.019826 0.025333
0 0.484470 0.503635 0.019826 0.025884
0 0.533002 0.466186 0.019413 0.025884
0 0.573480 0.485461 0.020239 0.028087
0 0.579056 0.417447 0.020652 0.026435
0 0.604871 0.424882 0.021065 0.026985
0 0.642045 0.428737 0.019413 0.026985
0 0.604252 0.357969 0.019826 0.026435
0 0.620773 0.348882 0.019826 0.026985
0 0.638534 0.357694 0.020652 0.026985
0 0.533415 0.540533 0.020239 0.025884
0 0.555719 0.557605 0.019413 0.026985
0 0.500372 0.600286 0.020239 0.026435
0 0.524741 0.614330 0.020239 0.026985
0 0.478687 0.767155 0.019826 0.027536
0 0.656088 0.818372 0.021891 0.027536
0 0.667653 0.653982 0.020239 0.028087
0 0.669925 0.618736 0.022304 0.025884
0 0.666208 0.541359 0.019826 0.027536
0 0.821553 0.561185 0.021065 0.027536
0 0.904161 0.412766 0.020239 0.025884
0 0.763520 0.439751 0.020652 0.025884
0 0.746999 0.423229 0.019826 0.026985
0 0.727379 0.428461 0.020239 0.028638
0 0.713542 0.400374 0.019826 0.025333
0 0.741216 0.345853 0.021478 0.027536
0 0.772194 0.360723 0.019000 0.027536
0 0.790368 0.362375 0.019826 0.026435
0 0.779629 0.326302 0.020652 0.026985
0 0.796150 0.168521 0.019826 0.026435