0 0.113596 0.593716 0.020683 0.026673
0 0.150045 0.486347 0.023056 0.027125
0 0.283465 0.601401 0.021361 0.026673
0 0.309912 0.521609 0.020683 0.027125
0 0.264986 0.414693 0.020344 0.025769
0 0.260748 0.391863 0.020683 0.027125
0 0.227859 0.399774 0.020683 0.026673
0 0.244643 0.366998 0.022378 0.028029
0 0.141738 0.322920 0.020683 0.027577
0 0.206668 0.287206 0.021022 0.026673
0 0.177000 0.246293 0.021361 0.026221
0 0.185307 0.224593 0.021022 0.023508
0 0.527520 0.054024 0.018648 0.026673
0 0.442755 0.133816 0.019326 0.028933
0 0.499717 0.155063 0.019326 0.028029
0 0.511076 0.137884 0.019665 0.026221
0 0.552950 0.157776 0.020683 0.025316
0 0.530911 0.176763 0.019326 0.027125
0 0.434279 0.251808 0.021361 0.028933
0 0.540235 0.227170 0.020344 0.029385
0 0.484290 0.267179 0.019665 0.028029
0 0.534471 0.269213 0.020344 0.027577
0 0.468693 0.292269 0.021022 0.025769
0 0.477848 0.311257 0.018987 0.025769
0 0.545660 0.321429 0.021700 0.026221
0 0.482595 0.348779 0.020344 0.026673
0 0.479035 0.401673 0.019326 0.026673
0 0.518535 0.382233 0.020344 0.025769
0 0.566343 0.357369 0.019665 0.027577
0 0.561596 0.398508 0.021700 0.026673
0 0.604148 0.396248 0.020683 0.027577
0 0.605674 0.448463 0.019665 0.025316
0 0.539726 0.438517 0.020005 0.026221
0 0.520570 0.443490 0.018987 0.027125
0 0.463269 0.452984 0.019665 0.027125
0 0.465981 0.509494 0.019665 0.026221
0 0.548033 0.513336 0.020344 0.026673
0 0.559392 0.532550 0.019326 0.025316
0 0.571259 0.514467 0.019326 0.025316
0 0.601096 0.529385 0.022039 0.026221
0 0.379521 0.627939 0.019665 0.027125
0 0.464794 0.610533 0.020683 0.025769
0 0.391727 0.751808 0.020344 0.028933
0 0.642123 0.666456 0.021361 0.028933
0 0.621948 0.600452 0.019665 0.028029
0 0.638732 0.569937 0.020683 0.026673
0 0.611946 0.549819 0.019326 0.026221
0 0.622288 0.487432 0.020344 0.026221
0 0.619914 0.463020 0.019665 0.028029
0 0.632629 0.443354 0.019326 0.026673
0 0.664840 0.432957 0.019326 0.025769
0 0.635680 0.311347 0.020683 0.028481
0 0.672129 0.245570 0.021022 0.027125
0 0.688574 0.251221 0.020005 0.026673
0 0.675689 0.270208 0.019326 0.025769
0 0.702306 0.277441 0.020344 0.028481
0 0.734516 0.248960 0.020344 0.027577
0 0.849458 0.200362 0.018309 0.025316
0 0.684505 0.347514 0.021361 0.026673
0 0.750791 0.411935 0.021022 0.027125
0 0.812670 0.451266 0.020683 0.028029
0 0.827927 0.476130 0.020005 0.028029
0 0.807753 0.483363 0.019665 0.028029
0 0.785714 0.491953 0.021022 0.026221
0 0.797751 0.543038 0.021361 0.028933
0 0.891806 0.320976 0.019326 0.024412