0 0.339730 0.650006 0.020704 0.026430
0 0.313300 0.637672 0.020704 0.026430
0 0.309115 0.535769 0.020263 0.025843
0 0.382679 0.513450 0.019382 0.027018
0 0.438183 0.445906 0.018501 0.024668
0 0.460648 0.481146 0.019382 0.025843
0 0.479590 0.509339 0.019382 0.025843
0 0.191281 0.480265 0.020704 0.027605
0 0.135337 0.408023 0.020704 0.026430
0 0.150314 0.320803 0.019823 0.027018
0 0.217711 0.368965 0.021585 0.025843
0 0.224979 0.419770 0.020263 0.027605
0 0.246784 0.405967 0.019823 0.025843
0 0.265946 0.403618 0.019382 0.025843
0 0.271893 0.383061 0.021585 0.024668
0 0.426730 0.345765 0.020263 0.026430
0 0.161107 0.223012 0.019382 0.025255
0 0.273435 0.224774 0.020263 0.026430
0 0.398978 0.262657 0.019382 0.025843
0 0.418140 0.263538 0.019823 0.027605
0 0.478929 0.255609 0.018942 0.027018
0 0.415937 0.105133 0.019823 0.027018
0 0.472762 0.046106 0.018942 0.027605
0 0.483511 0.232116 0.019823 0.025843
0 0.524918 0.173969 0.018942 0.025843
0 0.554431 0.065606 0.020704 0.028780
0 0.590993 0.077940 0.020704 0.026430
0 0.519191 0.276460 0.018942 0.027605
0 0.507958 0.339892 0.019382 0.026430
0 0.588791 0.227711 0.018942 0.026430
0 0.599583 0.245037 0.019382 0.027018
0 0.625573 0.206273 0.019382 0.027018
0 0.619846 0.240338 0.018501 0.028192
0 0.630198 0.259427 0.018061 0.024081
0 0.650902 0.254728 0.018942 0.027605
0 0.686362 0.131975 0.021144 0.027605
0 0.727990 0.087043 0.020704 0.027018
0 0.754640 0.120815 0.019382 0.024081
0 0.767855 0.149888 0.020263 0.025843
0 0.804417 0.172795 0.020263 0.028192
0 0.500690 0.389816 0.018942 0.025255
0 0.539234 0.356337 0.019382 0.026430
0 0.602887 0.350170 0.019823 0.027018
0 0.622269 0.349583 0.018942 0.025843
0 0.629757 0.371314 0.019823 0.023493
0 0.537032 0.458534 0.018501 0.026430
0 0.565885 0.478210 0.019823 0.027018
0 0.582624 0.422706 0.018061 0.026430
0 0.602667 0.427111 0.020263 0.025843
0 0.629537 0.420651 0.019382 0.027018
0 0.538133 0.534594 0.020704 0.025843
0 0.565444 0.556032 0.020704 0.026430
0 0.501571 0.587161 0.019823 0.026430
0 0.536591 0.620639 0.021144 0.026430
0 0.668301 0.539880 0.020263 0.028192
0 0.662134 0.626512 0.022025 0.026430
0 0.669843 0.652355 0.018942 0.025255
0 0.483290 0.777458 0.020263 0.028780
0 0.645836 0.824445 0.022025 0.026430
0 0.703101 0.409198 0.022025 0.025255
0 0.735038 0.434160 0.020704 0.025843
0 0.745169 0.453835 0.019823 0.024081
0 0.758825 0.419476 0.018942 0.025843
0 0.750675 0.350170 0.019382 0.028192
0 0.772921 0.362798 0.020704 0.028780
0 0.788779 0.374838 0.021585 0.025843
0 0.791202 0.331963 0.019382 0.027018
0 0.814108 0.574357 0.020263 0.026430
0 0.904411 0.404616 0.019382 0.022906