0 0.136062 0.436769 0.021654 0.026707
0 0.159940 0.530947 0.020342 0.026037
0 0.271210 0.526607 0.021562 0.029292
0 0.329997 0.592243 0.021155 0.027122
0 0.333252 0.617467 0.021155 0.026580
0 0.172552 0.380418 0.021969 0.028750
0 0.224017 0.405913 0.020749 0.026580
0 0.257377 0.372010 0.021562 0.028207
0 0.282601 0.351397 0.020749 0.028207
0 0.306197 0.351397 0.020749 0.027122
0 0.177434 0.300949 0.022783 0.027122
0 0.165026 0.241009 0.020749 0.029835
0 0.261242 0.266775 0.020342 0.029292
0 0.435083 0.052617 0.022376 0.029292
0 0.454407 0.096013 0.020342 0.029292
0 0.572389 0.118253 0.021155 0.030377
0 0.578899 0.096013 0.020342 0.030377
0 0.416979 0.237049 0.020342 0.030377
0 0.446881 0.229997 0.020749 0.031462
0 0.477190 0.177922 0.020342 0.028207
0 0.492040 0.203689 0.019121 0.028750
0 0.510144 0.207215 0.020342 0.030377
0 0.460510 0.286412 0.021155 0.028207
0 0.495498 0.306482 0.019528 0.029292
0 0.524790 0.347166 0.020342 0.029292
0 0.542894 0.335774 0.020749 0.029292
0 0.478614 0.398156 0.020749 0.029292
0 0.408435 0.472471 0.020342 0.028207
0 0.480445 0.463249 0.020342 0.028207
0 0.493667 0.446976 0.021562 0.028207
0 0.495091 0.535395 0.021155 0.031462
0 0.541267 0.462978 0.020749 0.027665
0 0.534554 0.428261 0.020342 0.029835
0 0.560795 0.366965 0.022376 0.027665
0 0.460510 0.805533 0.021155 0.029292
0 0.609818 0.790073 0.020342 0.033089
0 0.579509 0.632764 0.021562 0.027665
0 0.602495 0.627068 0.021155 0.029292
0 0.549403 0.514782 0.020749 0.027122
0 0.567711 0.511256 0.019121 0.029835
0 0.661079 0.618931 0.021969 0.031462
0 0.659859 0.529428 0.021969 0.028207
0 0.611649 0.467860 0.020749 0.029835
0 0.680608 0.456469 0.021969 0.027665
0 0.588459 0.431516 0.020749 0.026580
0 0.605750 0.439924 0.020342 0.026037
0 0.604936 0.414158 0.021155 0.025495
0 0.615311 0.369948 0.020749 0.026037
0 0.581543 0.295633 0.023190 0.027122
0 0.567711 0.269867 0.022376 0.026580
0 0.614904 0.271494 0.019935 0.027665
0 0.630567 0.287225 0.019528 0.027665
0 0.633822 0.262544 0.020342 0.027122
0 0.682031 0.262544 0.020749 0.028207
0 0.668199 0.219691 0.020749 0.029292
0 0.686710 0.197722 0.020342 0.028750
0 0.725481 0.080825 0.021562 0.029292
0 0.751315 0.119881 0.021969 0.029292
0 0.772471 0.149444 0.021969 0.029835
0 0.800746 0.174668 0.021562 0.030377
0 0.744196 0.376458 0.022376 0.030377
0 0.781828 0.379713 0.022783 0.028207
0 0.834106 0.372932 0.022376 0.029835
0 0.898996 0.372661 0.021155 0.027122
0 0.779387 0.404394 0.021155 0.025495
0 0.767996 0.421210 0.021969 0.027665
0 0.747044 0.448874 0.019121 0.027665
0 0.771250 0.460266 0.021155 0.028750
0 0.794033 0.553295 0.021155 0.028207