0 0.136615 0.420005 0.021144 0.027605
0 0.182427 0.499883 0.021144 0.024081
0 0.297839 0.540115 0.019382 0.028192
0 0.316780 0.614413 0.020263 0.027605
0 0.342109 0.637319 0.019823 0.027605
0 0.487695 0.792083 0.019382 0.029367
0 0.382856 0.494303 0.020263 0.024668
0 0.471397 0.494597 0.019382 0.026430
0 0.469414 0.469635 0.020704 0.025843
0 0.442103 0.418536 0.019823 0.027018
0 0.233085 0.416774 0.020263 0.025843
0 0.200708 0.372137 0.020704 0.025843
0 0.157759 0.320451 0.020263 0.027018
0 0.255771 0.382709 0.019823 0.027018
0 0.271629 0.392694 0.019823 0.025843
0 0.288588 0.375661 0.022906 0.027018
0 0.439680 0.327499 0.019382 0.025843
0 0.160622 0.231176 0.020704 0.025843
0 0.271408 0.237930 0.020263 0.026430
0 0.404220 0.235287 0.019823 0.028192
0 0.420078 0.242923 0.018061 0.025843
0 0.487475 0.236756 0.018942 0.025255
0 0.482409 0.213262 0.018501 0.026430
0 0.421179 0.103371 0.019382 0.028192
0 0.463468 0.041995 0.019382 0.027605
0 0.627335 0.829379 0.022906 0.028780
0 0.553550 0.635264 0.018942 0.025843
0 0.502672 0.568014 0.020263 0.027605
0 0.648699 0.632621 0.021585 0.026430
0 0.672706 0.638788 0.020263 0.027018
0 0.799791 0.581816 0.020704 0.027018
0 0.673367 0.538353 0.019823 0.027018
0 0.569629 0.543052 0.020263 0.025843
0 0.543419 0.528662 0.019823 0.026430
0 0.551348 0.480207 0.020704 0.025843
0 0.546943 0.445848 0.021585 0.026430
0 0.587689 0.429108 0.018501 0.025843
0 0.605530 0.435275 0.018942 0.026430
0 0.615661 0.415306 0.021585 0.024081
0 0.618965 0.390638 0.020263 0.024081
0 0.723364 0.459063 0.021144 0.025843
0 0.711030 0.429989 0.021144 0.027605
0 0.745830 0.440268 0.021144 0.027018
0 0.766093 0.409726 0.020263 0.025843
0 0.764111 0.355691 0.020704 0.025843
0 0.793624 0.388289 0.020704 0.027605
0 0.776885 0.377129 0.019823 0.026430
0 0.807941 0.325443 0.021144 0.026430
0 0.620066 0.355691 0.020704 0.027018
0 0.598482 0.342476 0.018942 0.028780
0 0.513905 0.373311 0.019823 0.025843
0 0.526019 0.347469 0.020263 0.028192
0 0.503553 0.330142 0.019382 0.027605
0 0.535049 0.279631 0.020704 0.027605
0 0.517209 0.184189 0.022025 0.025843
0 0.597601 0.241748 0.018942 0.028192
0 0.608393 0.263479 0.017620 0.024668
0 0.620947 0.242335 0.018942 0.025843
0 0.626894 0.265829 0.018501 0.027018
0 0.644514 0.211500 0.022025 0.028780
0 0.659932 0.253201 0.021144 0.027605
0 0.682838 0.146599 0.021144 0.028192
0 0.583064 0.082815 0.018942 0.025843
0 0.565224 0.079878 0.019382 0.028192
0 0.744949 0.104546 0.022025 0.023493
0 0.744508 0.080759 0.021144 0.026430
0 0.781511 0.141842 0.021144 0.026430
0 0.821376 0.159756 0.019823 0.027018
0 0.902164 0.399448 0.018942 0.024081