0 0.146605 0.305677 0.020024 0.026195
0 0.139237 0.390308 0.020402 0.026195
0 0.182119 0.473427 0.021535 0.026195
0 0.229157 0.433631 0.021158 0.026195
0 0.224812 0.410458 0.020780 0.024180
0 0.235769 0.364616 0.021535 0.025188
0 0.252204 0.389048 0.021158 0.026699
0 0.259949 0.409450 0.020780 0.026195
0 0.160206 0.220543 0.020024 0.025188
0 0.275817 0.211475 0.020780 0.026195
0 0.322477 0.546723 0.021158 0.028714
0 0.311899 0.671402 0.020402 0.028210
0 0.333623 0.664098 0.020780 0.027706
0 0.474812 0.758098 0.021158 0.030729
0 0.665042 0.811244 0.022291 0.029218
0 0.664286 0.663392 0.020780 0.027706
0 0.495403 0.614780 0.020024 0.027203
0 0.514105 0.609239 0.020402 0.027203
0 0.393960 0.526371 0.020402 0.027706
0 0.444398 0.474233 0.020024 0.027203
0 0.450821 0.497154 0.020024 0.026699
0 0.475190 0.494887 0.019646 0.029218
0 0.527518 0.547529 0.020024 0.027706
0 0.546975 0.553322 0.020402 0.028210
0 0.527706 0.472218 0.020402 0.029218
0 0.578900 0.496902 0.020024 0.028210
0 0.663909 0.544255 0.020780 0.028210
0 0.652574 0.440733 0.020024 0.028714
0 0.615737 0.420331 0.020402 0.028210
0 0.580978 0.407990 0.021158 0.027706
0 0.481235 0.409501 0.021158 0.028714
0 0.416251 0.368445 0.021158 0.027203
0 0.513538 0.354844 0.019269 0.028210
0 0.538285 0.336457 0.020402 0.028714
0 0.603080 0.361644 0.021535 0.026699
0 0.619138 0.350562 0.018891 0.027706
0 0.645962 0.343509 0.021913 0.026699
0 0.398305 0.282807 0.020780 0.028210
0 0.431930 0.277266 0.019269 0.028210
0 0.465367 0.281548 0.019646 0.027706
0 0.492570 0.249559 0.021158 0.028210
0 0.508438 0.275251 0.020402 0.026195
0 0.590235 0.255604 0.020024 0.027203
0 0.640106 0.269457 0.021535 0.027706
0 0.628205 0.239232 0.020402 0.028714
0 0.614037 0.223868 0.020780 0.028210
0 0.616871 0.196665 0.021158 0.030225
0 0.580223 0.215304 0.021158 0.029218
0 0.534507 0.180041 0.020402 0.027203
0 0.396416 0.106997 0.020780 0.028210
0 0.491058 0.054657 0.018891 0.027706
0 0.541686 0.064229 0.020402 0.029721
0 0.605914 0.069518 0.019646 0.028210
0 0.712949 0.062213 0.020780 0.030729
0 0.702748 0.117878 0.020780 0.028210
0 0.752620 0.168505 0.020024 0.027706
0 0.768866 0.138280 0.020780 0.027706
0 0.783411 0.168505 0.021913 0.027706
0 0.731840 0.342300 0.021535 0.028714
0 0.771132 0.314594 0.022291 0.028714
0 0.787190 0.347841 0.020402 0.030729
0 0.770566 0.360183 0.020402 0.028210
0 0.725795 0.397209 0.022291 0.026699
0 0.720694 0.421893 0.020402 0.027706
0 0.738451 0.430961 0.021158 0.027706
0 0.778689 0.433731 0.023047 0.027203
0 0.676490 0.603244 0.021158 0.028714
0 0.824782 0.547076 0.022291 0.028210
0 0.904645 0.419197 0.022313 0.026944