0 0.150055 0.539367 0.021455 0.026006
0 0.134939 0.446070 0.020480 0.026656
0 0.163708 0.378454 0.020480 0.027957
0 0.219297 0.412912 0.022430 0.027957
0 0.269277 0.516611 0.020967 0.027306
0 0.250016 0.369027 0.022430 0.029907
0 0.287075 0.356349 0.020480 0.030557
0 0.305117 0.347572 0.021455 0.028607
0 0.256599 0.271504 0.021943 0.028607
0 0.179312 0.290683 0.021455 0.029257
0 0.166147 0.244197 0.023406 0.031207
0 0.433603 0.064040 0.021943 0.027957
0 0.466517 0.092972 0.022430 0.027306
0 0.572817 0.101099 0.022430 0.029257
0 0.573305 0.128405 0.021455 0.026656
0 0.479439 0.167739 0.021943 0.028607
0 0.451157 0.241207 0.020967 0.027306
0 0.429215 0.243157 0.019992 0.028607
0 0.468468 0.279241 0.020480 0.026656
0 0.492361 0.196346 0.018529 0.028607
0 0.506258 0.211625 0.019992 0.027957
0 0.491629 0.301346 0.019017 0.027957
0 0.518692 0.343281 0.019505 0.029907
0 0.546486 0.336779 0.020480 0.028607
0 0.567941 0.303296 0.021455 0.029257
0 0.576962 0.262662 0.020967 0.029907
0 0.620116 0.273064 0.021455 0.028607
0 0.639133 0.277290 0.018529 0.026656
0 0.628893 0.297445 0.019505 0.027957
0 0.690332 0.267213 0.021455 0.029907
0 0.673266 0.223002 0.020480 0.029907
0 0.688382 0.208049 0.019505 0.028607
0 0.328278 0.612444 0.019992 0.026006
0 0.338031 0.589038 0.020967 0.026006
0 0.418731 0.475912 0.019505 0.027306
0 0.490654 0.536376 0.019992 0.028607
0 0.490898 0.464209 0.018529 0.026006
0 0.501625 0.441779 0.022430 0.027957
0 0.491142 0.401144 0.019992 0.027306
0 0.550874 0.382290 0.023406 0.027306
0 0.528200 0.425850 0.019992 0.028607
0 0.539172 0.451531 0.019505 0.026656
0 0.548436 0.512320 0.018529 0.028607
0 0.565503 0.501918 0.020480 0.029907
0 0.578912 0.624147 0.020967 0.028607
0 0.597685 0.616995 0.019505 0.028607
0 0.448963 0.805214 0.022430 0.030557
0 0.605000 0.758078 0.020480 0.029907
0 0.655955 0.613094 0.019992 0.029907
0 0.653030 0.534751 0.023893 0.027957
0 0.617921 0.472011 0.020967 0.029907
0 0.596954 0.450881 0.020967 0.026656
0 0.587933 0.429751 0.019505 0.026006
0 0.606463 0.424550 0.021455 0.027306
0 0.664001 0.458358 0.023406 0.028607
0 0.613777 0.375463 0.020480 0.026656
0 0.797071 0.538847 0.022918 0.028607
0 0.779761 0.467655 0.020480 0.029257
0 0.746847 0.455302 0.021943 0.029257
0 0.732462 0.377284 0.022430 0.027957
0 0.759525 0.410767 0.020967 0.028607
0 0.779273 0.416293 0.021455 0.026656
0 0.785856 0.390937 0.021943 0.027957
0 0.828766 0.399389 0.022918 0.027957
0 0.898007 0.361355 0.021943 0.026006
0 0.804629 0.185944 0.021455 0.031207
0 0.774397 0.170665 0.022430 0.030557
0 0.747822 0.133606 0.021943 0.030557
0 0.719053 0.073142 0.021943 0.029257