0 0.112491 0.590630 0.021100 0.025837
0 0.143925 0.489292 0.021100 0.026411
0 0.292703 0.597520 0.019808 0.025837
0 0.371935 0.632256 0.018947 0.027559
0 0.306052 0.512545 0.018947 0.026985
0 0.266220 0.412356 0.019378 0.026411
0 0.262344 0.388816 0.021100 0.024114
0 0.232632 0.400299 0.019378 0.027559
0 0.237369 0.363266 0.019378 0.026985
0 0.135098 0.333410 0.020669 0.025837
0 0.214546 0.286042 0.020239 0.024114
0 0.174930 0.243555 0.019378 0.026411
0 0.188925 0.230063 0.020669 0.024689
0 0.424901 0.253890 0.018086 0.026411
0 0.433944 0.125854 0.018947 0.026411
0 0.524631 0.060860 0.019808 0.027559
0 0.504177 0.133203 0.020239 0.027559
0 0.501809 0.155308 0.018947 0.024689
0 0.550899 0.147844 0.021531 0.026985
0 0.537550 0.181432 0.018947 0.025263
0 0.548100 0.223919 0.018516 0.027559
0 0.473173 0.255210 0.018516 0.026985
0 0.530444 0.263536 0.020239 0.028708
0 0.474680 0.293104 0.019808 0.028133
0 0.486737 0.314635 0.018947 0.026411
0 0.474680 0.336453 0.018947 0.028708
0 0.545085 0.323534 0.020239 0.025837
0 0.488029 0.403342 0.018947 0.026985
0 0.540564 0.385256 0.020669 0.026411
0 0.554559 0.352242 0.020239 0.025837
0 0.570922 0.396739 0.019378 0.026411
0 0.516665 0.437504 0.020239 0.027559
0 0.468651 0.465924 0.019808 0.026985
0 0.462192 0.496641 0.018947 0.028708
0 0.545731 0.438078 0.020669 0.025263
0 0.468005 0.598266 0.020239 0.027559
0 0.547891 0.504455 0.020524 0.025817
0 0.563962 0.517363 0.020137 0.024784
0 0.562994 0.541115 0.019750 0.026849
0 0.608689 0.522269 0.022073 0.026333
0 0.606560 0.563575 0.020911 0.027366
0 0.631731 0.579065 0.020137 0.029431
0 0.628826 0.602558 0.020524 0.026849
0 0.623598 0.675102 0.020137 0.027366
0 0.399382 0.768507 0.019362 0.028915
0 0.611787 0.487520 0.019750 0.025817
0 0.592619 0.450602 0.019362 0.026333
0 0.615854 0.464285 0.019362 0.026849
0 0.633280 0.451893 0.019362 0.026849
0 0.607721 0.391740 0.019362 0.027366
0 0.640057 0.317647 0.020524 0.026849
0 0.669487 0.444406 0.018975 0.026333
0 0.688463 0.360760 0.019750 0.027366
0 0.793988 0.529084 0.020911 0.027366
0 0.826129 0.490359 0.021686 0.027366
0 0.791858 0.476418 0.019750 0.026333
0 0.808897 0.466092 0.020524 0.027366
0 0.805411 0.441308 0.020524 0.029431
0 0.759329 0.421687 0.020524 0.028398
0 0.893704 0.329264 0.019750 0.024268
0 0.851494 0.203021 0.020524 0.023751
0 0.728155 0.256720 0.019362 0.024784
0 0.692335 0.269112 0.019750 0.026849
0 0.671617 0.273759 0.020137 0.023751
0 0.663485 0.250782 0.020137 0.026333
0 0.681879 0.250782 0.018975 0.026333
0 0.735707 0.120047 0.019750 0.026333
0 0.711504 0.088809 0.019362 0.026849
0 0.689043 0.026333 0.019362 0.025817