0 0.137577 0.393208 0.021576 0.026663
0 0.146260 0.311465 0.022102 0.027365
0 0.185728 0.470741 0.021050 0.027365
0 0.232038 0.429343 0.022102 0.027365
0 0.221513 0.410749 0.022102 0.025260
0 0.233090 0.365142 0.022102 0.026663
0 0.256771 0.387595 0.022102 0.028066
0 0.263875 0.409697 0.020523 0.025961
0 0.160469 0.222706 0.021050 0.026663
0 0.274663 0.213584 0.019997 0.025260
0 0.401488 0.105599 0.019997 0.028768
0 0.486212 0.048765 0.019997 0.028768
0 0.397804 0.280312 0.019997 0.027365
0 0.426747 0.275400 0.019997 0.028768
0 0.469110 0.275751 0.020523 0.026663
0 0.489107 0.249088 0.020523 0.028066
0 0.419906 0.361704 0.021050 0.025961
0 0.484897 0.404505 0.020523 0.027365
0 0.480950 0.497474 0.019997 0.026663
0 0.455164 0.493264 0.021050 0.026663
0 0.440429 0.470109 0.021050 0.026663
0 0.389647 0.525891 0.021576 0.027365
0 0.318604 0.542380 0.021576 0.028066
0 0.312816 0.662714 0.021576 0.027365
0 0.334655 0.660609 0.021050 0.028768
0 0.476477 0.762349 0.020523 0.031575
0 0.499105 0.606231 0.020523 0.028066
0 0.519787 0.612054 0.019997 0.025961
0 0.660556 0.814833 0.022628 0.028768
0 0.665819 0.658715 0.022628 0.029470
0 0.672923 0.612405 0.023155 0.026663
0 0.530575 0.545046 0.021576 0.028066
0 0.551624 0.557325 0.020523 0.028768
0 0.664503 0.542240 0.022102 0.028066
0 0.823691 0.554869 0.021576 0.029470
0 0.530312 0.468566 0.019997 0.028066
0 0.576358 0.490668 0.018418 0.027365
0 0.578726 0.414187 0.022102 0.025961
0 0.607406 0.424712 0.021576 0.025961
0 0.647400 0.435237 0.020523 0.030171
0 0.903943 0.416643 0.021050 0.025260
0 0.771593 0.436640 0.021576 0.028768
0 0.743440 0.427870 0.021050 0.026663
0 0.724232 0.425414 0.022628 0.030171
0 0.719759 0.398751 0.021050 0.025961
0 0.737125 0.344724 0.022102 0.028768
0 0.774225 0.321569 0.022628 0.028768
0 0.790012 0.355599 0.021576 0.028066
0 0.771330 0.359809 0.021050 0.030873
0 0.510841 0.349986 0.019997 0.026663
0 0.537679 0.339461 0.021050 0.029470
0 0.511630 0.274207 0.021576 0.028066
0 0.603722 0.360160 0.019471 0.027365
0 0.620299 0.351740 0.018945 0.027365
0 0.640296 0.349986 0.022102 0.026663
0 0.641612 0.264735 0.019471 0.027365
0 0.532943 0.177379 0.018945 0.026663
0 0.590566 0.249649 0.019471 0.026663
0 0.582936 0.216671 0.019997 0.028066
0 0.618457 0.200533 0.019471 0.029470
0 0.616352 0.228599 0.020523 0.029470
0 0.629508 0.243685 0.019471 0.030171
0 0.790012 0.167345 0.021576 0.030171
0 0.757122 0.165240 0.021050 0.028768
0 0.764489 0.131911 0.019997 0.026663
0 0.545836 0.065956 0.020523 0.028066
0 0.601354 0.074726 0.018945 0.028768
0 0.698183 0.121036 0.022102 0.027365
0 0.717654 0.069113 0.021050 0.028768