0 0.487364 0.786757 0.019588 0.027654
0 0.341604 0.641658 0.020741 0.027485
0 0.314988 0.621731 0.021201 0.026502
0 0.302621 0.538987 0.020318 0.025913
0 0.502709 0.575206 0.020318 0.026502
0 0.510218 0.379682 0.019435 0.026502
0 0.505580 0.334923 0.018993 0.026502
0 0.436455 0.334629 0.019435 0.023557
0 0.439105 0.427974 0.018551 0.026502
0 0.465827 0.475088 0.019876 0.026502
0 0.473557 0.500412 0.020318 0.027680
0 0.381684 0.500118 0.019435 0.025913
0 0.185571 0.493051 0.021201 0.025913
0 0.230183 0.419435 0.020318 0.027091
0 0.252709 0.390577 0.019435 0.025913
0 0.270819 0.395583 0.018551 0.025324
0 0.283186 0.378504 0.022085 0.026502
0 0.205889 0.369965 0.020318 0.025913
0 0.153548 0.321673 0.020760 0.025913
0 0.134820 0.416431 0.020760 0.027680
0 0.159335 0.227974 0.021201 0.025324
0 0.273071 0.233863 0.019876 0.026502
0 0.417948 0.249764 0.019876 0.026502
0 0.401384 0.242403 0.020318 0.028269
0 0.417506 0.104829 0.018993 0.028269
0 0.467859 0.045053 0.018110 0.025324
0 0.482612 0.221437 0.018993 0.027091
0 0.484600 0.244700 0.019435 0.024146
0 0.516843 0.176973 0.020318 0.025324
0 0.561455 0.075088 0.018551 0.027680
0 0.584644 0.081272 0.018993 0.028269
0 0.682038 0.141932 0.022085 0.027091
0 0.738575 0.085984 0.019435 0.027091
0 0.747409 0.106007 0.019435 0.024735
0 0.775677 0.141932 0.019435 0.027091
0 0.818080 0.169611 0.019435 0.025913
0 0.638089 0.208775 0.018993 0.027680
0 0.656861 0.251767 0.018551 0.027680
0 0.597232 0.236455 0.019435 0.025324
0 0.619979 0.239694 0.018993 0.025913
0 0.624838 0.262367 0.018993 0.024146
0 0.606287 0.258834 0.018993 0.022968
0 0.529653 0.279446 0.020318 0.027680
0 0.528990 0.355124 0.019876 0.025913
0 0.600766 0.343934 0.019435 0.028269
0 0.620200 0.352179 0.020318 0.028269
0 0.621304 0.381625 0.019876 0.025913
0 0.617550 0.414311 0.019435 0.025324
0 0.604520 0.429329 0.019876 0.025913
0 0.585969 0.426973 0.018110 0.028269
0 0.543345 0.450530 0.021201 0.027091
0 0.556154 0.477621 0.020318 0.024735
0 0.541357 0.530035 0.019876 0.025913
0 0.568743 0.547998 0.019876 0.026502
0 0.548204 0.628681 0.020318 0.027680
0 0.634555 0.828033 0.021643 0.028269
0 0.671216 0.644582 0.019876 0.027680
0 0.653107 0.631625 0.021643 0.026502
0 0.672100 0.538869 0.020760 0.025913
0 0.803504 0.582155 0.022085 0.026502
0 0.731728 0.460247 0.019876 0.027680
0 0.706331 0.425795 0.021201 0.025913
0 0.741225 0.437279 0.021201 0.026502
0 0.765960 0.415194 0.021201 0.027091
0 0.792462 0.381625 0.021201 0.025913
0 0.775677 0.369847 0.020318 0.028269
0 0.760660 0.353357 0.021201 0.027091
0 0.803062 0.328622 0.021201 0.025913
0 0.902179 0.400471 0.020318 0.023557