0 0.103923 0.579338 0.019347 0.023908
0 0.256575 0.596011 0.020763 0.024538
0 0.324761 0.573676 0.019347 0.026425
0 0.376903 0.667422 0.018875 0.026425
0 0.429281 0.572732 0.020763 0.025796
0 0.455235 0.550082 0.019819 0.024538
0 0.493457 0.570215 0.020763 0.025796
0 0.180367 0.457468 0.020291 0.027054
0 0.226139 0.419404 0.019347 0.026425
0 0.307537 0.409337 0.018875 0.025167
0 0.288898 0.394866 0.019347 0.025167
0 0.275450 0.351768 0.020763 0.027054
0 0.185557 0.303007 0.018403 0.026425
0 0.199006 0.260539 0.019819 0.023279
0 0.189097 0.243236 0.018875 0.026425
0 0.155593 0.244180 0.020763 0.025796
0 0.452875 0.303259 0.018875 0.026425
0 0.435180 0.299484 0.019347 0.025167
0 0.434000 0.274947 0.021706 0.023908
0 0.481424 0.397320 0.019347 0.027054
0 0.487322 0.298540 0.017931 0.025796
0 0.463728 0.175538 0.019819 0.023908
0 0.464436 0.151944 0.018403 0.025796
0 0.476941 0.134957 0.018875 0.027054
0 0.545835 0.178998 0.019819 0.024538
0 0.562587 0.186863 0.019347 0.028942
0 0.678904 0.065433 0.020763 0.025167
0 0.747562 0.079904 0.019347 0.026425
0 0.739068 0.194728 0.019347 0.025796
0 0.499827 0.271172 0.019347 0.025167
0 0.528611 0.302630 0.018403 0.025167
0 0.547958 0.301372 0.020291 0.026425
0 0.557396 0.320876 0.019347 0.023908
0 0.600101 0.311124 0.017931 0.025796
0 0.694004 0.264565 0.019819 0.025796
0 0.711699 0.263307 0.017459 0.025796
0 0.725148 0.282497 0.020763 0.028942
0 0.706037 0.305776 0.020291 0.026425
0 0.727979 0.307349 0.019819 0.027054
0 0.779650 0.385366 0.021234 0.027054
0 0.635255 0.382220 0.020291 0.025796
0 0.515871 0.361772 0.019347 0.026425
0 0.500535 0.411161 0.019819 0.025796
0 0.522949 0.399522 0.019347 0.026425
0 0.548902 0.423430 0.019347 0.026425
0 0.590427 0.408959 0.020291 0.025167
0 0.631480 0.411161 0.020291 0.025796
0 0.664276 0.436014 0.018875 0.026425
0 0.502422 0.462753 0.019819 0.025796
0 0.521297 0.458034 0.018875 0.023908
0 0.548194 0.489178 0.018875 0.025796
0 0.560463 0.531333 0.018875 0.024538
0 0.582877 0.522210 0.018403 0.025167
0 0.586652 0.497987 0.020291 0.025796
0 0.606943 0.486662 0.020291 0.025796
0 0.625110 0.486662 0.017931 0.025796
0 0.639974 0.502391 0.019347 0.027054
0 0.640918 0.468416 0.019347 0.027054
0 0.735293 0.547376 0.021234 0.026425
0 0.766437 0.523783 0.022178 0.029571
0 0.695420 0.621304 0.020763 0.027054
0 0.594674 0.579464 0.019347 0.027683
0 0.841701 0.515603 0.019819 0.027054
0 0.824478 0.442305 0.018403 0.026425
0 0.805839 0.433182 0.018875 0.027054
0 0.884878 0.290361 0.020291 0.022021
0 0.840286 0.168303 0.019819 0.023279