0 0.103063 0.574896 0.019083 0.024791
0 0.261841 0.594794 0.020551 0.026748
0 0.323004 0.576853 0.021529 0.024791
0 0.378295 0.658403 0.019572 0.027401
0 0.432852 0.565762 0.019083 0.027401
0 0.450466 0.548147 0.019083 0.024791
0 0.181596 0.457463 0.021529 0.026096
0 0.228324 0.417341 0.020061 0.028053
0 0.279701 0.349165 0.021040 0.027401
0 0.293156 0.389288 0.020551 0.026748
0 0.313707 0.409186 0.020551 0.027401
0 0.186489 0.307085 0.019572 0.026748
0 0.153216 0.247390 0.019572 0.024791
0 0.189425 0.238257 0.020551 0.026096
0 0.196764 0.259134 0.019572 0.026096
0 0.430650 0.276422 0.017615 0.025444
0 0.434075 0.298604 0.019572 0.024139
0 0.450956 0.307411 0.019083 0.026096
0 0.458540 0.175953 0.019572 0.025444
0 0.467837 0.156707 0.018593 0.026096
0 0.473219 0.131263 0.020551 0.026096
0 0.540938 0.180389 0.019572 0.026748
0 0.559776 0.184629 0.019083 0.027401
0 0.672071 0.072416 0.021529 0.027401
0 0.728585 0.014027 0.020061 0.026748
0 0.750359 0.086117 0.020551 0.024791
0 0.738126 0.189196 0.019572 0.026096
0 0.838678 0.166036 0.020061 0.022834
0 0.486381 0.293254 0.018104 0.022834
0 0.498124 0.275313 0.021040 0.026096
0 0.530418 0.300431 0.019083 0.025444
0 0.548033 0.304345 0.020061 0.026748
0 0.558308 0.322286 0.020061 0.026096
0 0.598920 0.316088 0.019083 0.024139
0 0.697514 0.261613 0.020551 0.027401
0 0.716108 0.266506 0.018593 0.029358
0 0.729808 0.281185 0.020551 0.026096
0 0.706566 0.299778 0.019083 0.024139
0 0.729564 0.308912 0.021040 0.026748
0 0.486870 0.395355 0.018104 0.026096
0 0.521855 0.360778 0.019572 0.027401
0 0.518430 0.399922 0.019572 0.027401
0 0.502528 0.408403 0.019083 0.026096
0 0.501549 0.466793 0.020061 0.025444
0 0.519409 0.454397 0.018593 0.025444
0 0.548522 0.428627 0.019083 0.027401
0 0.588156 0.408077 0.021040 0.025444
0 0.637575 0.376435 0.021040 0.026096
0 0.630236 0.408729 0.020061 0.026748
0 0.666933 0.426996 0.020061 0.028053
0 0.543874 0.481146 0.019572 0.025444
0 0.500571 0.568894 0.019083 0.026096
0 0.563446 0.528771 0.019572 0.028053
0 0.582529 0.520616 0.018593 0.024791
0 0.588645 0.498760 0.020061 0.026748
0 0.606260 0.486691 0.019083 0.026096
0 0.623875 0.486039 0.019083 0.026096
0 0.640022 0.498434 0.020061 0.026096
0 0.643936 0.471686 0.021040 0.026096
0 0.779717 0.389809 0.021529 0.028053
0 0.807118 0.431889 0.021529 0.026096
0 0.824733 0.439066 0.018593 0.027401
0 0.847974 0.515070 0.020061 0.026748
0 0.762102 0.518659 0.020551 0.027401
0 0.731765 0.543776 0.019572 0.028053
0 0.592804 0.573460 0.019572 0.028706
0 0.698248 0.615540 0.021040 0.028053
0 0.884476 0.289731 0.020061 0.022834