0 0.139616 0.430255 0.021865 0.028519
0 0.183345 0.377337 0.022815 0.029153
0 0.168610 0.311743 0.023766 0.027251
0 0.171937 0.516763 0.021865 0.027885
0 0.281498 0.536092 0.021389 0.031054
0 0.323088 0.591863 0.020914 0.029786
0 0.342100 0.622600 0.020914 0.030420
0 0.477565 0.801318 0.022815 0.030420
0 0.502519 0.546232 0.020439 0.028519
0 0.393197 0.477470 0.022340 0.026618
0 0.470198 0.474301 0.021389 0.025350
0 0.482318 0.457507 0.022815 0.027251
0 0.457602 0.399518 0.019963 0.027885
0 0.232065 0.406173 0.021389 0.029786
0 0.266763 0.381456 0.021389 0.027251
0 0.263673 0.357374 0.021865 0.027251
0 0.303600 0.363711 0.021865 0.028519
0 0.501093 0.319982 0.021389 0.031054
0 0.450472 0.308258 0.020914 0.027885
0 0.162193 0.236961 0.022340 0.028519
0 0.266050 0.251220 0.023766 0.030420
0 0.409357 0.232207 0.020439 0.030420
0 0.432648 0.228405 0.022340 0.030420
0 0.478753 0.196717 0.021389 0.027885
0 0.493013 0.213829 0.019488 0.027885
0 0.508223 0.203055 0.022340 0.029153
0 0.436450 0.098549 0.021389 0.028519
0 0.446907 0.043095 0.021389 0.027885
0 0.567811 0.096697 0.022102 0.028856
0 0.585769 0.089330 0.022102 0.031311
0 0.735188 0.091478 0.019800 0.027014
0 0.754528 0.099460 0.020721 0.029470
0 0.801034 0.130464 0.024404 0.032539
0 0.794818 0.154408 0.021181 0.031311
0 0.684307 0.166994 0.022102 0.031925
0 0.658522 0.215803 0.020260 0.027628
0 0.670954 0.257245 0.021181 0.028242
0 0.626059 0.249570 0.020721 0.030083
0 0.630664 0.272900 0.019800 0.026400
0 0.612936 0.265840 0.018418 0.030697
0 0.591064 0.271672 0.020721 0.030083
0 0.551234 0.276277 0.022102 0.030697
0 0.523146 0.358546 0.018418 0.027014
0 0.533967 0.338286 0.020721 0.028242
0 0.578632 0.351486 0.020721 0.027628
0 0.617080 0.363151 0.022102 0.031311
0 0.611094 0.402444 0.022102 0.027628
0 0.606950 0.425160 0.020260 0.026400
0 0.589222 0.433755 0.021642 0.025172
0 0.603036 0.450945 0.020721 0.023944
0 0.542025 0.437132 0.022102 0.028242
0 0.542255 0.476731 0.019800 0.027628
0 0.549392 0.521243 0.019339 0.028242
0 0.567580 0.525847 0.018879 0.030083
0 0.673026 0.519708 0.020721 0.032539
0 0.701345 0.456164 0.022102 0.028242
0 0.730584 0.435290 0.019800 0.029470
0 0.758212 0.450332 0.021642 0.030083
0 0.786530 0.413495 0.022102 0.025172
0 0.759823 0.391085 0.020260 0.028242
0 0.779163 0.391699 0.022102 0.029470
0 0.772025 0.366834 0.022563 0.030083
0 0.824979 0.338593 0.022563 0.031311
0 0.900632 0.389735 0.020260 0.029470
0 0.794496 0.572692 0.021642 0.031925
0 0.669250 0.627026 0.021642 0.030083
0 0.624816 0.633779 0.022102 0.028856
0 0.611693 0.820113 0.020721 0.031925
0 0.567258 0.647962 0.021181 0.028242