0 0.178715 0.506229 0.021706 0.026425
0 0.137662 0.423808 0.021706 0.027683
0 0.291494 0.538631 0.020763 0.025796
0 0.318391 0.606267 0.020763 0.027683
0 0.343400 0.632692 0.020763 0.027683
0 0.486379 0.797219 0.020763 0.028313
0 0.503130 0.560023 0.020291 0.027054
0 0.385869 0.487983 0.020763 0.025167
0 0.469391 0.488297 0.017931 0.025796
0 0.473874 0.465333 0.022178 0.025167
0 0.446505 0.409966 0.019347 0.026425
0 0.234161 0.414370 0.021234 0.026425
0 0.271675 0.388574 0.019819 0.025167
0 0.257990 0.374103 0.020763 0.026425
0 0.293381 0.372216 0.020763 0.026425
0 0.194995 0.374733 0.021234 0.026425
0 0.161728 0.318422 0.021706 0.027054
0 0.160784 0.232855 0.021706 0.025796
0 0.270495 0.242922 0.021234 0.027054
0 0.458774 0.040896 0.018403 0.026425
0 0.426214 0.102240 0.019347 0.028313
0 0.517286 0.192211 0.020291 0.025796
0 0.480952 0.208884 0.018403 0.027683
0 0.489210 0.229646 0.018875 0.027683
0 0.422911 0.238140 0.019347 0.025796
0 0.406631 0.230905 0.020763 0.027683
0 0.443438 0.321190 0.020763 0.024538
0 0.503130 0.326853 0.018403 0.027054
0 0.527196 0.345728 0.020291 0.025796
0 0.517758 0.367434 0.020291 0.027683
0 0.622420 0.829118 0.021234 0.028942
0 0.558245 0.640997 0.020291 0.027683
0 0.641295 0.635019 0.021234 0.027054
0 0.673383 0.633761 0.021234 0.028313
0 0.797251 0.579967 0.020763 0.027683
0 0.677394 0.533094 0.020763 0.027054
0 0.569806 0.537498 0.018875 0.025796
0 0.545033 0.526803 0.020291 0.025796
0 0.547864 0.483075 0.020291 0.025167
0 0.544561 0.443123 0.021234 0.027054
0 0.605905 0.441550 0.020291 0.025167
0 0.589625 0.431484 0.018875 0.028942
0 0.611803 0.418271 0.020763 0.025167
0 0.616286 0.394677 0.021234 0.024538
0 0.618645 0.360388 0.020291 0.027683
0 0.592220 0.345288 0.020291 0.027683
0 0.539134 0.278910 0.020763 0.027054
0 0.593636 0.249339 0.020291 0.025796
0 0.609208 0.262237 0.018403 0.027683
0 0.621477 0.244621 0.020291 0.027683
0 0.627611 0.267271 0.019347 0.026425
0 0.663002 0.254058 0.021234 0.026425
0 0.649789 0.212973 0.021234 0.028313
0 0.584198 0.084938 0.018403 0.027683
0 0.565795 0.084623 0.020291 0.027054
0 0.683292 0.153832 0.021234 0.029571
0 0.742513 0.099409 0.019819 0.025167
0 0.750299 0.079590 0.020291 0.025796
0 0.784746 0.144709 0.021234 0.028942
0 0.818485 0.147855 0.020763 0.026425
0 0.715852 0.458349 0.021234 0.025796
0 0.716324 0.429722 0.021234 0.026425
0 0.749119 0.443249 0.020763 0.028313
0 0.765635 0.402982 0.020763 0.025796
0 0.766579 0.359570 0.021706 0.027054
0 0.776960 0.382220 0.020763 0.027054
0 0.792060 0.397320 0.020763 0.027054
0 0.812587 0.322134 0.022178 0.027683
0 0.901913 0.398515 0.020763 0.023908