0 0.167763 0.244430 0.020296 0.030208
0 0.182867 0.281561 0.022184 0.027690
0 0.252250 0.272121 0.021240 0.027690
0 0.155019 0.374386 0.022184 0.027061
0 0.243046 0.368408 0.020768 0.030208
0 0.289773 0.371240 0.021712 0.028320
0 0.297561 0.349843 0.021240 0.024544
0 0.224166 0.419698 0.020768 0.028320
0 0.133543 0.456828 0.022656 0.028320
0 0.142039 0.546822 0.020768 0.025802
0 0.269950 0.503398 0.021712 0.028320
0 0.325881 0.605035 0.020296 0.028949
0 0.346885 0.593077 0.021712 0.027690
0 0.483055 0.541473 0.021240 0.027690
0 0.425236 0.470988 0.021712 0.027690
0 0.452376 0.255758 0.020296 0.026432
0 0.436564 0.244430 0.018880 0.027690
0 0.474087 0.281875 0.019352 0.029578
0 0.483999 0.164506 0.020296 0.028949
0 0.475739 0.087413 0.019824 0.028320
0 0.433260 0.074575 0.021712 0.029578
0 0.568156 0.108118 0.021712 0.027690
0 0.713295 0.060919 0.020296 0.027690
0 0.567212 0.141473 0.022656 0.027690
0 0.494761 0.183638 0.020296 0.023914
0 0.498773 0.212587 0.019824 0.026432
0 0.489569 0.294399 0.018408 0.027690
0 0.509865 0.335620 0.020296 0.028320
0 0.549748 0.337193 0.019824 0.027690
0 0.567684 0.310132 0.020768 0.027690
0 0.578068 0.256010 0.020768 0.028949
0 0.625975 0.274890 0.021240 0.027690
0 0.641787 0.290308 0.019824 0.027061
0 0.626211 0.304468 0.019824 0.030208
0 0.697011 0.272058 0.020768 0.028320
0 0.677423 0.233669 0.020296 0.029578
0 0.690875 0.217306 0.020768 0.027061
0 0.741614 0.143046 0.021240 0.028320
0 0.782914 0.171366 0.018880 0.028320
0 0.811469 0.197797 0.021240 0.029578
0 0.496413 0.390183 0.020768 0.027690
0 0.506325 0.435809 0.018880 0.027061
0 0.500189 0.473883 0.018880 0.027690
0 0.523081 0.425425 0.020296 0.027690
0 0.538656 0.443046 0.019352 0.027690
0 0.548096 0.401510 0.022184 0.027690
0 0.615828 0.382316 0.021712 0.029578
0 0.589160 0.426054 0.020296 0.026432
0 0.607568 0.431403 0.019352 0.025802
0 0.588688 0.464758 0.022184 0.027061
0 0.563200 0.496539 0.021240 0.028949
0 0.548568 0.511013 0.021240 0.027690
0 0.436847 0.804846 0.021712 0.028320
0 0.601809 0.740025 0.021240 0.029578
0 0.576558 0.614789 0.021712 0.028320
0 0.594493 0.605664 0.020768 0.027690
0 0.649717 0.607552 0.021712 0.030208
0 0.645705 0.541787 0.023128 0.027061
0 0.620925 0.469729 0.020768 0.027690
0 0.654673 0.467841 0.024072 0.027690
0 0.741520 0.459660 0.022184 0.027690
0 0.722640 0.381938 0.023128 0.027061
0 0.801463 0.525110 0.022184 0.027690
0 0.786595 0.476652 0.022656 0.031466
0 0.782583 0.426306 0.022184 0.027690
0 0.814443 0.419383 0.023600 0.027690
0 0.765828 0.398301 0.022656 0.028320
0 0.787775 0.401762 0.021240 0.027690
0 0.897892 0.353052 0.019824 0.023914