0 0.139188 0.432410 0.022340 0.028519
0 0.167945 0.522403 0.020914 0.027251
0 0.177213 0.378858 0.021389 0.026618
0 0.172698 0.309462 0.022815 0.028519
0 0.229736 0.404842 0.020914 0.030420
0 0.263483 0.376323 0.020914 0.030420
0 0.268474 0.353191 0.021389 0.027251
0 0.307212 0.359212 0.022815 0.027885
0 0.276792 0.532860 0.020914 0.029153
0 0.325512 0.593067 0.021389 0.030420
0 0.338583 0.618734 0.021865 0.029786
0 0.397284 0.474872 0.021389 0.029786
0 0.471909 0.469485 0.020439 0.027885
0 0.485931 0.453641 0.020914 0.027885
0 0.464066 0.398504 0.020914 0.029153
0 0.162479 0.240700 0.021389 0.030420
0 0.264434 0.256544 0.021865 0.029153
0 0.453847 0.301540 0.021389 0.029153
0 0.410831 0.232461 0.020914 0.029153
0 0.437211 0.227074 0.021389 0.031054
0 0.477850 0.190950 0.020914 0.028519
0 0.493060 0.207744 0.018062 0.026618
0 0.443152 0.096647 0.022815 0.031054
0 0.442915 0.043412 0.022340 0.028519
0 0.569491 0.103619 0.020914 0.028519
0 0.585176 0.092211 0.022815 0.028519
0 0.511265 0.202167 0.019488 0.029153
0 0.499620 0.315609 0.019963 0.030420
0 0.526950 0.354902 0.021389 0.029153
0 0.537883 0.335573 0.019488 0.029786
0 0.556420 0.274098 0.021389 0.031054
0 0.590405 0.279169 0.021865 0.029786
0 0.613220 0.266493 0.019013 0.028519
0 0.631282 0.278218 0.019013 0.026618
0 0.629143 0.251283 0.019488 0.031054
0 0.675249 0.258888 0.022340 0.029786
0 0.661702 0.217694 0.022815 0.029786
0 0.685706 0.176500 0.019488 0.031054
0 0.732049 0.087458 0.020914 0.030420
0 0.753676 0.105837 0.021389 0.026618
0 0.790988 0.131504 0.022815 0.027251
0 0.797642 0.159706 0.021865 0.031688
0 0.571155 0.355219 0.021389 0.027251
0 0.616785 0.365042 0.021389 0.027885
0 0.539309 0.434121 0.020439 0.027885
0 0.610131 0.406236 0.022340 0.029153
0 0.588266 0.433171 0.020439 0.028519
0 0.607041 0.429685 0.019963 0.027885
0 0.604664 0.454401 0.020914 0.027885
0 0.542636 0.470879 0.020439 0.027885
0 0.499144 0.539958 0.020914 0.029153
0 0.548815 0.519044 0.020439 0.029153
0 0.567590 0.521579 0.019963 0.030420
0 0.668357 0.520629 0.020914 0.027251
0 0.694737 0.455669 0.021389 0.029153
0 0.737753 0.437924 0.022815 0.030420
0 0.762944 0.452500 0.021865 0.030420
0 0.781719 0.418911 0.023290 0.026618
0 0.778867 0.394512 0.025192 0.025984
0 0.776491 0.371063 0.022340 0.031054
0 0.755102 0.382787 0.021389 0.032955
0 0.794791 0.568477 0.022815 0.030420
0 0.830439 0.348945 0.022815 0.035490
0 0.900311 0.383484 0.020914 0.027251
0 0.667168 0.625261 0.021389 0.031688
0 0.471576 0.802776 0.022815 0.032321
0 0.571392 0.644337 0.020914 0.028519
0 0.617498 0.631345 0.021865 0.029153
0 0.610368 0.814183 0.021865 0.029786