0 0.113836 0.594919 0.021019 0.028634
0 0.154502 0.482820 0.022846 0.027416
0 0.229210 0.399354 0.021476 0.027416
0 0.265536 0.416108 0.021019 0.025588
0 0.263479 0.391434 0.021476 0.028634
0 0.247944 0.366760 0.021476 0.030462
0 0.146278 0.317412 0.023760 0.030462
0 0.205678 0.285122 0.021019 0.026806
0 0.178491 0.247654 0.020562 0.026197
0 0.182146 0.223894 0.020562 0.026197
0 0.448306 0.134641 0.021019 0.028025
0 0.438711 0.253442 0.019191 0.028025
0 0.465213 0.289387 0.020105 0.028025
0 0.474123 0.310406 0.019648 0.024979
0 0.475037 0.403619 0.020562 0.028634
0 0.461100 0.446265 0.020105 0.028634
0 0.468183 0.511454 0.020562 0.029853
0 0.460186 0.609541 0.021019 0.027416
0 0.385022 0.621725 0.019648 0.027416
0 0.280843 0.602534 0.021476 0.025588
0 0.311685 0.527294 0.021932 0.029853
0 0.388220 0.742659 0.021476 0.031680
0 0.646887 0.661691 0.021932 0.028634
0 0.619243 0.600158 0.020562 0.028634
0 0.637977 0.561777 0.021476 0.028634
0 0.547048 0.513342 0.019648 0.026806
0 0.561213 0.531010 0.019648 0.026806
0 0.574692 0.515779 0.019191 0.025588
0 0.596853 0.527050 0.020562 0.027416
0 0.612846 0.540453 0.018734 0.024979
0 0.486049 0.355855 0.018277 0.027416
0 0.509580 0.376264 0.020562 0.026806
0 0.520546 0.447545 0.021476 0.025588
0 0.539737 0.439320 0.020562 0.026197
0 0.558015 0.400024 0.019648 0.025588
0 0.627696 0.486536 0.021019 0.026806
0 0.622213 0.463994 0.021019 0.026806
0 0.631580 0.442062 0.019648 0.026806
0 0.610561 0.445412 0.020562 0.028634
0 0.662422 0.428658 0.020105 0.026806
0 0.603479 0.400024 0.021932 0.026806
0 0.569666 0.362861 0.019191 0.025588
0 0.799500 0.549896 0.021932 0.028025
0 0.783280 0.504204 0.021476 0.028025
0 0.808867 0.492933 0.021476 0.027416
0 0.828744 0.471305 0.020105 0.026806
0 0.815036 0.455465 0.021932 0.029243
0 0.750838 0.403984 0.020562 0.026197
0 0.684126 0.340015 0.020562 0.026197
0 0.547048 0.318387 0.019648 0.025588
0 0.633407 0.308334 0.020562 0.027416
0 0.706516 0.283356 0.019648 0.026197
0 0.737587 0.244974 0.019648 0.027416
0 0.850676 0.198367 0.020105 0.023151
0 0.693036 0.254112 0.018277 0.026197
0 0.677044 0.267516 0.020105 0.023760
0 0.676816 0.243755 0.022389 0.026197
0 0.489704 0.271780 0.020105 0.027416
0 0.536767 0.273913 0.019191 0.030462
0 0.536539 0.229438 0.020562 0.026806
0 0.531284 0.170586 0.017363 0.028025
0 0.555273 0.161143 0.020562 0.026197
0 0.497700 0.152918 0.017820 0.025588
0 0.513236 0.142561 0.019648 0.025588
0 0.526715 0.050262 0.020105 0.028634
0 0.722508 0.102656 0.020562 0.028634
0 0.710628 0.069758 0.020562 0.026197
0 0.692808 0.011271 0.018734 0.022542
0 0.892211 0.321067 0.019648 0.024369