0 0.106044 0.584400 0.020263 0.024668
0 0.178727 0.458123 0.022025 0.025843
0 0.253832 0.602020 0.020704 0.027018
0 0.325634 0.569717 0.020704 0.027018
0 0.377834 0.676319 0.019382 0.026430
0 0.423426 0.578821 0.019823 0.027605
0 0.460648 0.550628 0.018501 0.025255
0 0.301186 0.409961 0.019382 0.027018
0 0.281584 0.395865 0.020704 0.025843
0 0.224539 0.419652 0.020263 0.026430
0 0.271012 0.354164 0.021585 0.027018
0 0.184233 0.301010 0.019823 0.025255
0 0.199651 0.263421 0.019823 0.024081
0 0.189739 0.244626 0.019382 0.025255
0 0.160226 0.243451 0.018501 0.024081
0 0.533375 0.011747 0.018061 0.023493
0 0.480735 0.137437 0.019382 0.028192
0 0.462234 0.150946 0.019382 0.024668
0 0.467961 0.173264 0.019382 0.022319
0 0.549674 0.175320 0.019823 0.026430
0 0.565973 0.189710 0.018942 0.025843
0 0.504522 0.265476 0.021144 0.025843
0 0.438227 0.273993 0.020704 0.024081
0 0.437126 0.297486 0.018501 0.024081
0 0.455627 0.301891 0.019382 0.027018
0 0.488224 0.312463 0.018501 0.028192
0 0.523464 0.300717 0.018501 0.025843
0 0.547912 0.298955 0.018942 0.022319
0 0.556502 0.320392 0.019382 0.025255
0 0.603195 0.307765 0.019382 0.025843
0 0.508267 0.360919 0.018061 0.026430
0 0.475670 0.399683 0.018942 0.026430
0 0.497695 0.414366 0.020704 0.027605
0 0.529631 0.397921 0.020263 0.025255
0 0.549454 0.418184 0.019382 0.024668
0 0.592183 0.407906 0.021144 0.025255
0 0.634030 0.387055 0.019382 0.027018
0 0.628744 0.415835 0.019382 0.025843
0 0.662002 0.443439 0.019823 0.028192
0 0.636233 0.465171 0.020263 0.025843
0 0.522363 0.456067 0.018061 0.022906
0 0.504522 0.460179 0.017620 0.026430
0 0.486462 0.571479 0.018501 0.024668
0 0.556061 0.532421 0.018501 0.025255
0 0.553418 0.498355 0.018501 0.026430
0 0.584474 0.499824 0.018942 0.024668
0 0.583372 0.523905 0.018501 0.023493
0 0.606499 0.486021 0.018942 0.025255
0 0.625000 0.490426 0.018942 0.024668
0 0.639316 0.505697 0.018501 0.027018
0 0.595927 0.584400 0.020704 0.029367
0 0.688873 0.630330 0.019823 0.025843
0 0.702749 0.310231 0.019382 0.024668
0 0.726536 0.304652 0.021144 0.026430
0 0.720809 0.281158 0.020263 0.024081
0 0.690415 0.265887 0.019382 0.025255
0 0.707154 0.256784 0.017620 0.028192
0 0.739531 0.200399 0.018942 0.025843
0 0.687111 0.062845 0.020704 0.025843
0 0.742834 0.074592 0.021144 0.028192
0 0.840186 0.169740 0.017620 0.023493
0 0.884676 0.293081 0.019382 0.022319
0 0.776313 0.379126 0.020263 0.026430
0 0.806487 0.437566 0.020704 0.025843
0 0.824768 0.444614 0.018501 0.027018
0 0.832036 0.514801 0.020704 0.025255
0 0.770146 0.528603 0.020263 0.029367
0 0.741072 0.547398 0.020263 0.025843