0 0.114261 0.595936 0.020239 0.024782
0 0.161761 0.476705 0.021891 0.026435
0 0.273075 0.605573 0.021478 0.026435
0 0.318510 0.534530 0.020652 0.027536
0 0.391825 0.609704 0.019413 0.025884
0 0.382325 0.727007 0.020239 0.029188
0 0.224956 0.403459 0.019413 0.025333
0 0.265227 0.419980 0.019826 0.025333
0 0.269564 0.396575 0.020239 0.025884
0 0.254901 0.365734 0.020652 0.025884
0 0.153500 0.310387 0.021065 0.025333
0 0.203271 0.280923 0.020652 0.024782
0 0.180967 0.251735 0.019826 0.022580
0 0.176837 0.229431 0.021478 0.024232
0 0.523791 0.045710 0.019000 0.026435
0 0.711312 0.060029 0.019826 0.027536
0 0.719366 0.091695 0.019413 0.026985
0 0.453781 0.137956 0.018587 0.028087
0 0.490954 0.153651 0.018587 0.025333
0 0.508715 0.145390 0.019413 0.028638
0 0.535150 0.157506 0.019413 0.026435
0 0.559726 0.171550 0.019826 0.024782
0 0.447172 0.261042 0.019413 0.027536
0 0.457705 0.286651 0.018174 0.025884
0 0.466998 0.306752 0.017761 0.025333
0 0.499628 0.278665 0.020239 0.026435
0 0.529367 0.236810 0.020239 0.026435
0 0.539900 0.280317 0.019826 0.025333
0 0.549400 0.315288 0.019826 0.024782
0 0.489302 0.360723 0.018587 0.024232
0 0.506237 0.368983 0.018587 0.026435
0 0.474433 0.413316 0.018587 0.025884
0 0.457705 0.434244 0.019000 0.023681
0 0.520487 0.454345 0.021478 0.025333
0 0.537835 0.442229 0.019826 0.024232
0 0.550639 0.406708 0.021478 0.024782
0 0.568606 0.372012 0.020239 0.024782
0 0.625812 0.305650 0.019826 0.025333
0 0.683432 0.243419 0.020239 0.025333
0 0.699127 0.259941 0.018587 0.026435
0 0.681779 0.268752 0.020239 0.024232
0 0.739812 0.234883 0.019000 0.026985
0 0.711931 0.287201 0.021065 0.026985
0 0.684671 0.324375 0.019413 0.026435
0 0.750138 0.386882 0.019826 0.025884
0 0.601030 0.399824 0.019826 0.025333
0 0.647497 0.419650 0.019413 0.027536
0 0.631388 0.435896 0.019413 0.028087
0 0.614867 0.446360 0.018587 0.025884
0 0.624160 0.467012 0.019826 0.024232
0 0.637791 0.482432 0.019000 0.027536
0 0.474639 0.523461 0.020652 0.026985
0 0.456879 0.598083 0.020652 0.027536
0 0.547748 0.516577 0.019000 0.026435
0 0.563856 0.529794 0.019826 0.026435
0 0.575215 0.511345 0.018587 0.026985
0 0.593389 0.520982 0.017761 0.027536
0 0.612595 0.520707 0.019826 0.028087
0 0.639030 0.547417 0.019826 0.026435
0 0.612802 0.596431 0.019413 0.027536
0 0.656790 0.653431 0.020652 0.025884
0 0.774466 0.527591 0.022717 0.026435
0 0.792846 0.554576 0.022304 0.027536
0 0.813705 0.506939 0.021065 0.026985
0 0.830226 0.462055 0.020239 0.028638
0 0.812466 0.453244 0.021065 0.027536
0 0.890117 0.313636 0.020239 0.022580
0 0.849639 0.190274 0.021065 0.022580