0 0.485693 0.782564 0.020960 0.029769
0 0.501868 0.581166 0.019593 0.026731
0 0.339885 0.646476 0.020049 0.026124
0 0.314140 0.629769 0.020504 0.026731
0 0.306166 0.536817 0.020049 0.026731
0 0.381121 0.505529 0.019593 0.026124
0 0.476124 0.506440 0.020049 0.026731
0 0.462682 0.478493 0.021416 0.027947
0 0.437622 0.435966 0.019593 0.026731
0 0.189292 0.484265 0.021416 0.024909
0 0.134386 0.411968 0.021871 0.026124
0 0.228250 0.420778 0.020049 0.027947
0 0.249894 0.397995 0.019593 0.028554
0 0.268120 0.400729 0.019593 0.024301
0 0.277688 0.380073 0.021416 0.026731
0 0.212075 0.369745 0.020504 0.025516
0 0.151701 0.322661 0.020049 0.027339
0 0.160131 0.226063 0.020504 0.026124
0 0.273360 0.228190 0.019137 0.029162
0 0.431470 0.341191 0.020049 0.026731
0 0.417117 0.256136 0.019593 0.026731
0 0.399575 0.252187 0.020049 0.029769
0 0.482959 0.250365 0.019137 0.024909
0 0.482731 0.225456 0.020504 0.026124
0 0.416889 0.103281 0.019137 0.029162
0 0.470428 0.046476 0.019593 0.027339
0 0.520504 0.173512 0.020960 0.026731
0 0.557868 0.070535 0.020049 0.027339
0 0.586801 0.079951 0.019593 0.026731
0 0.682032 0.138578 0.020504 0.027339
0 0.730559 0.086027 0.020960 0.026731
0 0.750152 0.113366 0.020960 0.027947
0 0.771340 0.145869 0.018682 0.028554
0 0.811437 0.175334 0.019593 0.025516
0 0.632139 0.206318 0.020049 0.029162
0 0.593180 0.232442 0.020504 0.027947
0 0.523466 0.278311 0.019593 0.027339
0 0.506151 0.337546 0.018682 0.026731
0 0.504557 0.384933 0.020049 0.026731
0 0.533718 0.358202 0.020049 0.026731
0 0.602977 0.251276 0.020049 0.026731
0 0.619836 0.239733 0.018226 0.026731
0 0.627354 0.261300 0.019593 0.024909
0 0.653782 0.250972 0.020504 0.027339
0 0.601610 0.346962 0.017315 0.026124
0 0.620519 0.350911 0.021416 0.026731
0 0.623253 0.377643 0.021416 0.024301
0 0.623481 0.416829 0.019137 0.026124
0 0.602293 0.428676 0.018682 0.025516
0 0.583840 0.425334 0.018226 0.027339
0 0.797084 0.330863 0.020960 0.027947
0 0.755164 0.352126 0.020960 0.026731
0 0.774529 0.365188 0.020504 0.027339
0 0.790021 0.380073 0.021416 0.026731
0 0.762910 0.419563 0.020049 0.025516
0 0.703220 0.418044 0.020960 0.027339
0 0.736938 0.435966 0.021871 0.026731
0 0.739672 0.460875 0.020960 0.025516
0 0.540097 0.456015 0.019137 0.025516
0 0.560601 0.477886 0.020049 0.026731
0 0.539186 0.532260 0.020049 0.024909
0 0.640796 0.826914 0.021871 0.026124
0 0.542148 0.625213 0.018682 0.026124
0 0.568120 0.553524 0.020504 0.024909
0 0.670185 0.538335 0.020504 0.026124
0 0.656060 0.631288 0.021416 0.027339
0 0.669730 0.649210 0.021416 0.027947
0 0.809386 0.578129 0.020960 0.025516
0 0.903022 0.402612 0.020504 0.022479