0 0.113844 0.595953 0.019185 0.027285
0 0.157970 0.480275 0.022169 0.027854
0 0.277129 0.604195 0.020890 0.026717
0 0.314859 0.530298 0.019611 0.027854
0 0.385204 0.735789 0.021317 0.030696
0 0.388401 0.615564 0.020890 0.026717
0 0.455974 0.604479 0.020464 0.028422
0 0.266257 0.419225 0.020464 0.026717
0 0.265831 0.394782 0.022169 0.026717
0 0.227888 0.401035 0.020464 0.027854
0 0.251123 0.365507 0.021743 0.027285
0 0.150082 0.313495 0.020038 0.026717
0 0.203800 0.282515 0.020038 0.026148
0 0.180352 0.250398 0.020038 0.025580
0 0.177794 0.225671 0.023448 0.026148
0 0.525679 0.048886 0.020038 0.027285
0 0.452137 0.136426 0.020464 0.027285
0 0.443184 0.256651 0.020464 0.027854
0 0.494557 0.153479 0.019185 0.027285
0 0.512250 0.146658 0.019611 0.026148
0 0.531435 0.164279 0.018759 0.026148
0 0.557441 0.167121 0.020464 0.027285
0 0.680437 0.243292 0.020890 0.027285
0 0.679798 0.266883 0.018759 0.026717
0 0.533353 0.232492 0.021743 0.027285
0 0.494984 0.274557 0.020038 0.026148
0 0.461090 0.287631 0.020464 0.027285
0 0.470896 0.308663 0.018759 0.025011
0 0.537830 0.276546 0.019611 0.027854
0 0.629704 0.305821 0.020038 0.026148
0 0.547635 0.317190 0.020464 0.027285
0 0.487736 0.359823 0.020038 0.027285
0 0.504363 0.370339 0.019185 0.026717
0 0.569378 0.367212 0.019611 0.026148
0 0.683635 0.331401 0.019611 0.025011
0 0.471962 0.408424 0.021743 0.026717
0 0.460024 0.440541 0.019185 0.025011
0 0.471535 0.516144 0.020038 0.028422
0 0.521416 0.450205 0.021743 0.025011
0 0.538682 0.440541 0.021317 0.026148
0 0.553604 0.402456 0.022169 0.025011
0 0.601353 0.398761 0.020464 0.026717
0 0.656989 0.423772 0.020038 0.027854
0 0.631622 0.437415 0.019611 0.028990
0 0.612864 0.444236 0.020464 0.027854
0 0.623309 0.464984 0.020038 0.027285
0 0.632475 0.485164 0.019611 0.026717
0 0.547209 0.514154 0.019611 0.025580
0 0.562344 0.528365 0.019185 0.027854
0 0.576413 0.516144 0.020038 0.029559
0 0.594318 0.521828 0.018332 0.027285
0 0.612224 0.530639 0.019185 0.026717
0 0.638657 0.552524 0.020038 0.026148
0 0.615422 0.598283 0.019611 0.028990
0 0.651660 0.657117 0.021317 0.027285
0 0.796314 0.553661 0.021743 0.027285
0 0.779260 0.514723 0.022595 0.027854
0 0.811235 0.500227 0.022595 0.026148
0 0.829781 0.466689 0.021317 0.028422
0 0.813580 0.453615 0.021317 0.027285
0 0.749204 0.395350 0.020464 0.025580
0 0.696126 0.255798 0.020038 0.026148
0 0.708916 0.286494 0.020038 0.027285
0 0.739399 0.239598 0.019611 0.027854
0 0.890319 0.316337 0.020464 0.024443
0 0.850671 0.193838 0.018759 0.021601
0 0.719148 0.096066 0.019185 0.026148
0 0.710408 0.064518 0.019611 0.026717