0 0.113534 0.595446 0.019083 0.028053
0 0.168580 0.471816 0.019572 0.027401
0 0.220936 0.409838 0.020551 0.024791
0 0.265462 0.418319 0.019572 0.026096
0 0.278673 0.404293 0.022508 0.029358
0 0.260324 0.363518 0.021040 0.026096
0 0.162219 0.305128 0.021529 0.028053
0 0.203076 0.275770 0.020061 0.025444
0 0.182770 0.253914 0.020551 0.026096
0 0.172739 0.235321 0.020061 0.024139
0 0.267419 0.606211 0.021529 0.026096
0 0.323444 0.545211 0.021040 0.028053
0 0.401487 0.597730 0.020551 0.027401
0 0.377512 0.708964 0.020551 0.029358
0 0.463873 0.588270 0.021040 0.025444
0 0.473806 0.536208 0.020551 0.026748
0 0.461084 0.421712 0.018593 0.024791
0 0.480656 0.418450 0.020551 0.026096
0 0.665612 0.645812 0.021529 0.028053
0 0.607385 0.594598 0.020551 0.027401
0 0.546223 0.517289 0.019572 0.025444
0 0.565061 0.524791 0.017126 0.026096
0 0.576559 0.506850 0.020551 0.026748
0 0.589526 0.524465 0.019083 0.025444
0 0.639190 0.532620 0.020551 0.026096
0 0.607630 0.502610 0.020061 0.028706
0 0.648242 0.472599 0.020061 0.026096
0 0.623043 0.476514 0.019572 0.024791
0 0.619862 0.452375 0.022019 0.027401
0 0.630138 0.430846 0.020061 0.026096
0 0.636743 0.405076 0.020551 0.026748
0 0.510259 0.451722 0.018104 0.027401
0 0.531788 0.447482 0.021040 0.024139
0 0.549403 0.409969 0.021040 0.026096
0 0.561636 0.378327 0.021040 0.025444
0 0.598333 0.401814 0.020061 0.026748
0 0.764206 0.540123 0.022019 0.025444
0 0.786469 0.550235 0.021529 0.028706
0 0.820476 0.517615 0.021040 0.030010
0 0.829038 0.454658 0.020551 0.029358
0 0.810445 0.448787 0.020551 0.026748
0 0.756622 0.375065 0.020551 0.026748
0 0.490687 0.360712 0.018104 0.029358
0 0.507812 0.355167 0.019083 0.026096
0 0.463531 0.308520 0.018593 0.026748
0 0.451543 0.290579 0.020061 0.024791
0 0.446895 0.269050 0.019572 0.026096
0 0.507079 0.287644 0.019572 0.026748
0 0.549892 0.314392 0.019083 0.025444
0 0.543776 0.291884 0.019572 0.027401
0 0.520290 0.244585 0.021529 0.025444
0 0.617416 0.305911 0.019083 0.025444
0 0.689098 0.317002 0.020551 0.025444
0 0.715765 0.293189 0.019083 0.026096
0 0.708426 0.272312 0.020061 0.027401
0 0.682493 0.269376 0.021040 0.025444
0 0.689832 0.247847 0.020061 0.026748
0 0.739741 0.222077 0.020061 0.026096
0 0.527140 0.034251 0.019572 0.024139
0 0.462063 0.147116 0.018593 0.026748
0 0.478944 0.155924 0.018104 0.027401
0 0.499250 0.145812 0.018593 0.028053
0 0.544265 0.153967 0.020551 0.028706
0 0.564571 0.177779 0.020061 0.026748
0 0.714787 0.079593 0.019083 0.026096
0 0.718701 0.056433 0.021040 0.026748
0 0.845919 0.182998 0.018104 0.024139
0 0.888635 0.306237 0.019572 0.024791