0 0.268959 0.379646 0.022397 0.025933
0 0.124662 0.577173 0.020260 0.025172
0 0.137785 0.486309 0.019800 0.027628
0 0.271780 0.409565 0.021642 0.026400
0 0.236324 0.410179 0.021642 0.026400
0 0.227345 0.361984 0.019339 0.027014
0 0.134562 0.348170 0.019800 0.028856
0 0.295033 0.501658 0.020260 0.027628
0 0.309998 0.590987 0.019800 0.028242
0 0.362030 0.621071 0.021642 0.027014
0 0.471850 0.576559 0.021181 0.026400
0 0.454583 0.479556 0.019800 0.028856
0 0.477376 0.480476 0.019339 0.028242
0 0.410609 0.792056 0.020260 0.028856
0 0.227576 0.282171 0.020721 0.025786
0 0.190048 0.244720 0.016577 0.025786
0 0.173241 0.243492 0.019800 0.027014
0 0.425574 0.105292 0.020721 0.031311
0 0.427186 0.267682 0.019339 0.027014
0 0.467476 0.250184 0.020721 0.027628
0 0.471850 0.316491 0.019339 0.027628
0 0.608101 0.679948 0.020721 0.027628
0 0.635268 0.596144 0.021642 0.028242
0 0.627440 0.572200 0.020721 0.027014
0 0.600043 0.585093 0.020260 0.025786
0 0.576559 0.556852 0.019339 0.025786
0 0.554918 0.518480 0.020260 0.026400
0 0.552615 0.492387 0.021181 0.025786
0 0.593827 0.488396 0.019800 0.026400
0 0.623527 0.501289 0.022102 0.026400
0 0.791135 0.508657 0.022102 0.027628
0 0.822676 0.503131 0.021642 0.027628
0 0.693286 0.459234 0.019800 0.027014
0 0.790674 0.456164 0.021181 0.028242
0 0.807251 0.447569 0.022102 0.025786
0 0.796430 0.429457 0.020721 0.027628
0 0.775939 0.414722 0.021181 0.027628
0 0.630894 0.461383 0.020260 0.026400
0 0.611555 0.454629 0.018418 0.026400
0 0.571955 0.442964 0.020260 0.027628
0 0.544788 0.421783 0.019339 0.025786
0 0.516009 0.428229 0.018879 0.026400
0 0.495979 0.413802 0.017498 0.024558
0 0.490914 0.319560 0.016577 0.023944
0 0.482855 0.292240 0.018879 0.027014
0 0.536499 0.351793 0.018418 0.024558
0 0.543176 0.329077 0.020721 0.024558
0 0.566659 0.361002 0.019800 0.027014
0 0.583006 0.403671 0.019339 0.027628
0 0.611324 0.389858 0.018879 0.028242
0 0.700884 0.376351 0.020260 0.027014
0 0.635038 0.328156 0.019339 0.028856
0 0.512555 0.250798 0.019339 0.027628
0 0.501274 0.163617 0.017958 0.023944
0 0.495518 0.141822 0.019339 0.025786
0 0.509102 0.069990 0.019800 0.028242
0 0.555839 0.130157 0.021181 0.028242
0 0.548701 0.177124 0.020721 0.026400
0 0.559753 0.227161 0.018879 0.027014
0 0.659212 0.285793 0.019800 0.025172
0 0.653457 0.260621 0.021181 0.026400
0 0.682926 0.236984 0.021181 0.027014
0 0.687300 0.260621 0.018879 0.027628
0 0.718842 0.264612 0.020260 0.025786
0 0.841095 0.209664 0.019800 0.026400
0 0.750384 0.134455 0.020721 0.028242
0 0.716310 0.107748 0.018879 0.026400
0 0.696279 0.038372 0.019339 0.027628
0 0.894508 0.335523 0.019800 0.025172