0 0.443228 0.804744 0.021953 0.029880
0 0.327749 0.607476 0.019666 0.025611
0 0.342612 0.591012 0.021953 0.029270
0 0.146411 0.543448 0.021953 0.026831
0 0.268980 0.510214 0.021038 0.027441
0 0.488734 0.537960 0.022410 0.026831
0 0.496280 0.469358 0.019208 0.028660
0 0.505656 0.438563 0.020581 0.026831
0 0.494451 0.397097 0.021953 0.026831
0 0.422190 0.473017 0.021953 0.027441
0 0.134063 0.450454 0.021953 0.027441
0 0.159674 0.375755 0.021038 0.028050
0 0.221187 0.415696 0.020581 0.028660
0 0.246341 0.368437 0.021495 0.028050
0 0.287960 0.364169 0.020581 0.029270
0 0.302823 0.348009 0.019208 0.027441
0 0.181170 0.285810 0.021953 0.028660
0 0.168364 0.244649 0.021038 0.029270
0 0.254345 0.270870 0.021953 0.026831
0 0.490792 0.298311 0.019208 0.028050
0 0.471584 0.280017 0.020123 0.026831
0 0.433853 0.244039 0.019666 0.029270
0 0.452604 0.247698 0.019666 0.025611
0 0.501768 0.212025 0.021038 0.026221
0 0.493536 0.188853 0.021038 0.027441
0 0.481645 0.165376 0.021038 0.026831
0 0.470212 0.088115 0.021038 0.029880
0 0.433624 0.071651 0.021953 0.029880
0 0.716217 0.066102 0.020581 0.029270
0 0.570096 0.104519 0.021953 0.028050
0 0.569867 0.134703 0.022410 0.028660
0 0.745259 0.139887 0.023782 0.030490
0 0.778645 0.173425 0.021953 0.029270
0 0.807686 0.192024 0.021495 0.031099
0 0.688777 0.212452 0.020581 0.029270
0 0.674142 0.228002 0.020581 0.028660
0 0.693350 0.268858 0.019666 0.028660
0 0.639841 0.283798 0.020581 0.028050
0 0.622690 0.275870 0.021038 0.029270
0 0.627721 0.303006 0.020123 0.027441
0 0.577185 0.259101 0.019666 0.027441
0 0.566666 0.306665 0.021495 0.026221
0 0.513842 0.340204 0.021038 0.028660
0 0.547915 0.337460 0.018751 0.028050
0 0.549515 0.391731 0.021953 0.026831
0 0.525962 0.426185 0.018751 0.028660
0 0.539225 0.447832 0.018751 0.026831
0 0.589304 0.428929 0.020123 0.028050
0 0.607141 0.430758 0.019208 0.028050
0 0.592048 0.456979 0.021953 0.024392
0 0.563693 0.497835 0.020123 0.029270
0 0.547000 0.511860 0.019666 0.028050
0 0.619489 0.471614 0.021038 0.028050
0 0.660650 0.462162 0.023782 0.027441
0 0.613772 0.376486 0.019666 0.028050
0 0.726279 0.377401 0.024239 0.027441
0 0.603253 0.749375 0.021495 0.029880
0 0.576727 0.621623 0.020581 0.026831
0 0.595250 0.612781 0.021038 0.028660
0 0.652189 0.610952 0.021495 0.032319
0 0.649445 0.538386 0.023325 0.027441
0 0.798768 0.531984 0.021953 0.029270
0 0.783218 0.471919 0.021953 0.029880
0 0.743658 0.457284 0.022410 0.027441
0 0.823008 0.409720 0.023782 0.028660
0 0.779788 0.422526 0.022410 0.028660
0 0.786420 0.396610 0.022867 0.029270
0 0.761952 0.403927 0.023325 0.026831