0 0.110246 0.591984 0.019347 0.025796
0 0.173477 0.464263 0.020291 0.025796
0 0.220901 0.415817 0.020763 0.025796
0 0.271628 0.406694 0.019347 0.025167
0 0.290739 0.408896 0.019819 0.028313
0 0.266673 0.361080 0.021706 0.027054
0 0.174185 0.301309 0.019819 0.027054
0 0.166635 0.242167 0.019819 0.025796
0 0.188106 0.251290 0.021234 0.026425
0 0.200610 0.267963 0.019819 0.024538
0 0.443862 0.273059 0.020291 0.025167
0 0.444570 0.296967 0.018875 0.023908
0 0.459670 0.304517 0.018875 0.027683
0 0.461558 0.148798 0.018875 0.024538
0 0.260539 0.610608 0.020763 0.024538
0 0.326129 0.558701 0.019819 0.022650
0 0.412483 0.587014 0.018875 0.026425
0 0.377800 0.693343 0.020291 0.026425
0 0.474063 0.574745 0.019347 0.025796
0 0.470052 0.546118 0.020763 0.027683
0 0.467928 0.409589 0.020291 0.026425
0 0.675554 0.638669 0.022178 0.027054
0 0.601705 0.590537 0.020763 0.028942
0 0.489399 0.420976 0.019819 0.027054
0 0.505206 0.453693 0.018403 0.027054
0 0.528092 0.451806 0.019819 0.027054
0 0.550506 0.414685 0.021234 0.025796
0 0.548383 0.388260 0.020763 0.027054
0 0.496477 0.360891 0.019819 0.025167
0 0.498600 0.335724 0.020291 0.027683
0 0.474298 0.163332 0.018875 0.027683
0 0.490106 0.141940 0.019347 0.026425
0 0.551686 0.162703 0.019819 0.027683
0 0.571977 0.183151 0.020763 0.027054
0 0.512520 0.253303 0.021706 0.027683
0 0.513936 0.293570 0.018875 0.026425
0 0.547203 0.296401 0.020291 0.024538
0 0.554046 0.317793 0.018875 0.027054
0 0.611143 0.311501 0.019819 0.025796
0 0.548383 0.527935 0.018875 0.025796
0 0.563955 0.513150 0.019819 0.026425
0 0.585661 0.525733 0.019819 0.025167
0 0.580235 0.502139 0.018403 0.025796
0 0.606896 0.490185 0.018875 0.027054
0 0.624355 0.486095 0.019819 0.026425
0 0.640163 0.519756 0.020291 0.025796
0 0.655735 0.457783 0.019347 0.025167
0 0.628602 0.458412 0.020763 0.026425
0 0.596043 0.404618 0.019819 0.025796
0 0.625535 0.425381 0.020291 0.028313
0 0.634264 0.395810 0.020763 0.028313
0 0.530829 0.021077 0.017931 0.027054
0 0.704480 0.066377 0.020763 0.029571
0 0.734208 0.066377 0.019819 0.029571
0 0.739634 0.211715 0.019347 0.027054
0 0.844155 0.175853 0.016988 0.023279
0 0.886860 0.298855 0.019347 0.025167
0 0.697637 0.252296 0.019347 0.025167
0 0.685841 0.269599 0.019347 0.024538
0 0.694098 0.317101 0.019819 0.027683
0 0.713917 0.279036 0.020763 0.027054
0 0.721939 0.299799 0.019819 0.027054
0 0.766531 0.369951 0.020291 0.027683
0 0.808292 0.442934 0.020763 0.027683
0 0.826696 0.448282 0.017931 0.029571
0 0.752611 0.545489 0.021706 0.028942
0 0.778328 0.540141 0.021234 0.029571
0 0.825280 0.518120 0.020763 0.027054