0 0.112211 0.592741 0.019382 0.025843
0 0.264184 0.609186 0.021144 0.024668
0 0.324533 0.551921 0.021144 0.027605
0 0.407127 0.592153 0.020704 0.028192
0 0.376733 0.702279 0.020704 0.027605
0 0.171238 0.468519 0.022025 0.026430
0 0.220354 0.412722 0.020704 0.025255
0 0.267488 0.413603 0.019823 0.025843
0 0.284007 0.407142 0.020263 0.027018
0 0.262863 0.361917 0.021144 0.027018
0 0.167714 0.302596 0.020263 0.025843
0 0.202514 0.270880 0.020263 0.027018
0 0.185775 0.252085 0.019382 0.024668
0 0.169696 0.239164 0.019823 0.025843
0 0.528486 0.027605 0.018501 0.025843
0 0.461529 0.147128 0.018501 0.027605
0 0.476066 0.159462 0.019382 0.026430
0 0.494347 0.143604 0.018061 0.024081
0 0.548529 0.157113 0.019823 0.025255
0 0.567911 0.180900 0.019823 0.025843
0 0.445231 0.272231 0.019382 0.025255
0 0.447874 0.293962 0.017620 0.025255
0 0.462410 0.307471 0.019382 0.026430
0 0.515711 0.249031 0.022025 0.027018
0 0.509985 0.289851 0.019382 0.026430
0 0.546326 0.293669 0.020704 0.024668
0 0.552053 0.316868 0.018942 0.026430
0 0.505139 0.343886 0.019382 0.025255
0 0.491924 0.360331 0.018501 0.024081
0 0.614384 0.307471 0.018501 0.026430
0 0.555357 0.381475 0.021144 0.025255
0 0.464393 0.415835 0.018942 0.025843
0 0.484876 0.420240 0.020263 0.026430
0 0.506240 0.450194 0.018942 0.027605
0 0.530028 0.449313 0.020704 0.024668
0 0.549630 0.412311 0.021144 0.027018
0 0.596984 0.402913 0.020704 0.027018
0 0.635088 0.401151 0.020263 0.027018
0 0.627379 0.430224 0.019823 0.026430
0 0.624515 0.456067 0.020263 0.026430
0 0.652267 0.464877 0.019382 0.026430
0 0.622533 0.482791 0.018942 0.024668
0 0.606675 0.494538 0.018942 0.028192
0 0.639272 0.526254 0.019823 0.027018
0 0.577602 0.503641 0.020704 0.027605
0 0.586852 0.525960 0.019823 0.026430
0 0.565048 0.519500 0.018501 0.027605
0 0.546326 0.523317 0.018942 0.027018
0 0.472542 0.541231 0.020263 0.025255
0 0.468798 0.580289 0.020704 0.027018
0 0.604032 0.592329 0.020704 0.028780
0 0.670988 0.641959 0.021585 0.027018
0 0.710942 0.075355 0.020263 0.027605
0 0.725919 0.060966 0.022025 0.031716
0 0.845295 0.179901 0.019382 0.024081
0 0.740456 0.218078 0.019382 0.026430
0 0.693762 0.250969 0.019382 0.027605
0 0.684732 0.271232 0.020704 0.024668
0 0.710942 0.275931 0.020263 0.027018
0 0.718210 0.296488 0.019823 0.025843
0 0.691560 0.316340 0.020263 0.025843
0 0.762040 0.371843 0.019382 0.026430
0 0.888244 0.303125 0.019823 0.024081
0 0.808954 0.447316 0.019823 0.025843
0 0.827675 0.450840 0.018501 0.028192
0 0.822610 0.518090 0.020704 0.026430
0 0.782304 0.545401 0.020263 0.029367
0 0.759397 0.543345 0.020263 0.025255