0 0.128667 0.571709 0.021848 0.026421
0 0.136542 0.479913 0.021340 0.028453
0 0.137304 0.353906 0.021848 0.027098
0 0.172109 0.244834 0.018291 0.028453
0 0.189384 0.251948 0.018291 0.025066
0 0.231810 0.280740 0.018800 0.025744
0 0.224951 0.366439 0.019308 0.025066
0 0.273474 0.373552 0.020832 0.028453
0 0.234605 0.412506 0.021340 0.026421
0 0.274998 0.409796 0.020832 0.026421
0 0.289987 0.499221 0.019308 0.026421
0 0.313360 0.591694 0.019308 0.027098
0 0.361121 0.615405 0.021340 0.028453
0 0.414979 0.798659 0.021340 0.029131
0 0.471631 0.570016 0.021848 0.025744
0 0.481285 0.483978 0.018800 0.025744
0 0.450291 0.474832 0.019816 0.026421
0 0.516852 0.424361 0.019816 0.024389
0 0.497036 0.417248 0.019816 0.027776
0 0.540224 0.423007 0.018800 0.025744
0 0.531333 0.353906 0.020324 0.025744
0 0.539970 0.332904 0.019308 0.025744
0 0.489161 0.319355 0.019308 0.023034
0 0.472393 0.312919 0.016259 0.023711
0 0.487382 0.293612 0.019816 0.025744
0 0.432254 0.271594 0.019308 0.027776
0 0.459945 0.249577 0.019816 0.027098
0 0.504403 0.245512 0.019308 0.028453
0 0.499577 0.167265 0.018800 0.023711
0 0.493479 0.144909 0.018800 0.026421
0 0.426411 0.098842 0.018800 0.026421
0 0.504403 0.072421 0.019308 0.026421
0 0.555416 0.124314 0.020324 0.025066
0 0.698699 0.042680 0.020324 0.027098
0 0.719785 0.116862 0.018800 0.026421
0 0.756114 0.138879 0.020324 0.028453
0 0.551860 0.173430 0.019308 0.028453
0 0.563546 0.229998 0.019308 0.029131
0 0.685235 0.232708 0.020832 0.026421
0 0.714958 0.265903 0.020324 0.029131
0 0.836139 0.210690 0.021848 0.025744
0 0.895586 0.337714 0.020832 0.026421
0 0.684219 0.256758 0.020832 0.025744
0 0.649668 0.263532 0.020832 0.028453
0 0.654495 0.289953 0.020324 0.027098
0 0.569389 0.350586 0.019816 0.026421
0 0.631885 0.323826 0.020832 0.027098
0 0.611815 0.387846 0.020324 0.026421
0 0.585648 0.407493 0.019816 0.027776
0 0.567102 0.437640 0.019308 0.028453
0 0.706321 0.379378 0.020324 0.025744
0 0.611053 0.452205 0.019816 0.026421
0 0.628328 0.464061 0.020832 0.027098
0 0.590729 0.489804 0.019816 0.025744
0 0.553892 0.491159 0.021340 0.025744
0 0.553130 0.515209 0.019816 0.025066
0 0.582345 0.563647 0.019308 0.028453
0 0.593269 0.590068 0.018800 0.025744
0 0.627820 0.496240 0.022864 0.026421
0 0.629598 0.570761 0.021340 0.029131
0 0.636458 0.593794 0.018800 0.025066
0 0.605464 0.688978 0.019816 0.028453
0 0.702510 0.461351 0.020832 0.028453
0 0.778978 0.407831 0.021340 0.027098
0 0.794221 0.424768 0.021340 0.029808
0 0.806670 0.443059 0.019816 0.027098
0 0.788632 0.451528 0.020324 0.027776
0 0.790156 0.502337 0.020324 0.027776
0 0.822167 0.504708 0.021340 0.027098