0 0.137346 0.557842 0.020848 0.026023
0 0.134907 0.471493 0.022179 0.028389
0 0.280400 0.498995 0.021292 0.027797
0 0.319878 0.596877 0.020405 0.028389
0 0.356030 0.605749 0.021735 0.027206
0 0.421457 0.804767 0.021292 0.027797
0 0.475618 0.557192 0.020848 0.026615
0 0.492474 0.485037 0.019961 0.027797
0 0.440575 0.469955 0.020848 0.027206
0 0.231207 0.418204 0.021735 0.027797
0 0.284436 0.396321 0.021735 0.025432
0 0.282884 0.361722 0.022179 0.026023
0 0.231429 0.368524 0.021292 0.027797
0 0.143822 0.363497 0.019961 0.028389
0 0.239857 0.277738 0.020405 0.027206
0 0.186184 0.263248 0.019517 0.026615
0 0.170659 0.244914 0.020405 0.027797
0 0.442128 0.272711 0.021292 0.026615
0 0.447229 0.247279 0.019961 0.025432
0 0.472735 0.297256 0.019517 0.026023
0 0.490478 0.296664 0.017743 0.027206
0 0.495801 0.324462 0.019517 0.027206
0 0.494026 0.227999 0.021292 0.027797
0 0.497797 0.172108 0.018187 0.024840
0 0.490256 0.151703 0.019961 0.025432
0 0.428599 0.085167 0.021735 0.026023
0 0.493361 0.079252 0.020848 0.027206
0 0.560031 0.116217 0.020405 0.025432
0 0.559144 0.160871 0.022179 0.028389
0 0.570898 0.242193 0.019074 0.028980
0 0.704415 0.048498 0.021735 0.028389
0 0.732582 0.132186 0.020405 0.028980
0 0.774500 0.148450 0.021735 0.030755
0 0.824624 0.207890 0.021735 0.030163
0 0.690442 0.226224 0.023066 0.027797
0 0.707298 0.269103 0.021292 0.027206
0 0.680905 0.246629 0.019961 0.028389
0 0.641649 0.268512 0.021292 0.028389
0 0.648746 0.296901 0.021292 0.028389
0 0.628785 0.315531 0.020405 0.027797
0 0.572894 0.327064 0.020405 0.028389
0 0.543175 0.336823 0.019517 0.026615
0 0.517004 0.360480 0.021292 0.025432
0 0.500591 0.426721 0.019517 0.027797
0 0.517004 0.418441 0.019517 0.026615
0 0.537408 0.427904 0.018630 0.026615
0 0.556926 0.425242 0.020405 0.028389
0 0.589085 0.416667 0.019961 0.026615
0 0.613260 0.386503 0.021292 0.026615
0 0.605497 0.442394 0.019961 0.026023
0 0.624793 0.466052 0.020405 0.026023
0 0.638544 0.483795 0.020405 0.023657
0 0.585315 0.485273 0.019517 0.025432
0 0.558478 0.491483 0.019961 0.024840
0 0.549385 0.511296 0.018630 0.025432
0 0.720384 0.462207 0.020848 0.027797
0 0.713952 0.383842 0.021292 0.027206
0 0.777827 0.397741 0.021292 0.027797
0 0.790469 0.417554 0.019961 0.026023
0 0.803111 0.432931 0.021292 0.026023
0 0.784924 0.442098 0.018630 0.026615
0 0.787586 0.488526 0.022179 0.028389
0 0.812204 0.508931 0.021735 0.026615
0 0.634108 0.556837 0.022179 0.026615
0 0.640984 0.597942 0.019074 0.029572
0 0.590859 0.578720 0.019961 0.027797
0 0.583540 0.602969 0.020405 0.026615
0 0.602614 0.707062 0.019517 0.027797
0 0.895819 0.341613 0.020405 0.022475