0 0.120044 0.582756 0.020768 0.025173
0 0.304830 0.592511 0.021240 0.027061
0 0.363829 0.624921 0.021240 0.025173
0 0.406309 0.783826 0.021240 0.029578
0 0.469320 0.583386 0.019824 0.027690
0 0.474276 0.475456 0.019352 0.025802
0 0.456104 0.483952 0.017936 0.026432
0 0.494100 0.408748 0.020296 0.028320
0 0.298930 0.503147 0.020768 0.027061
0 0.140104 0.489616 0.020296 0.026432
0 0.234975 0.406230 0.020296 0.027061
0 0.269430 0.408748 0.020296 0.025802
0 0.264947 0.382945 0.022656 0.028320
0 0.229311 0.360604 0.020296 0.026432
0 0.132788 0.343298 0.020768 0.025802
0 0.222231 0.284141 0.021240 0.028320
0 0.190843 0.238829 0.018880 0.027061
0 0.174323 0.242920 0.019824 0.030208
0 0.423065 0.264317 0.019824 0.027690
0 0.426841 0.112335 0.021712 0.032096
0 0.496932 0.138452 0.019352 0.026432
0 0.501416 0.160164 0.019824 0.024544
0 0.471444 0.320957 0.018408 0.025173
0 0.488908 0.319698 0.020296 0.027690
0 0.479468 0.292637 0.019352 0.025173
0 0.469792 0.250787 0.018880 0.029578
0 0.514349 0.067338 0.020768 0.027690
0 0.553524 0.137508 0.021712 0.027061
0 0.544792 0.179358 0.022184 0.028949
0 0.520013 0.254248 0.018880 0.028949
0 0.555648 0.224670 0.019352 0.028949
0 0.516237 0.431089 0.020768 0.026432
0 0.542196 0.350535 0.018880 0.023914
0 0.543140 0.326306 0.020768 0.027061
0 0.559188 0.371932 0.021712 0.023914
0 0.579012 0.399622 0.019824 0.028949
0 0.549512 0.426683 0.018408 0.027690
0 0.578776 0.446822 0.020296 0.026432
0 0.610400 0.389868 0.019352 0.028320
0 0.639427 0.324733 0.019824 0.027690
0 0.550456 0.495595 0.022184 0.027061
0 0.558244 0.517936 0.019824 0.026432
0 0.570988 0.551290 0.019824 0.027690
0 0.601196 0.580239 0.018880 0.027690
0 0.627391 0.575834 0.019352 0.028949
0 0.633763 0.599119 0.019824 0.027690
0 0.617716 0.509125 0.020768 0.023914
0 0.600252 0.488672 0.019824 0.025802
0 0.613232 0.458464 0.018408 0.025802
0 0.633527 0.457520 0.022184 0.026432
0 0.681907 0.455003 0.019824 0.028949
0 0.695831 0.371303 0.020296 0.030208
0 0.771350 0.419132 0.023128 0.026432
0 0.792354 0.516048 0.021712 0.027690
0 0.822797 0.500944 0.021240 0.027690
0 0.792118 0.464758 0.019352 0.030837
0 0.809346 0.453744 0.020768 0.026432
0 0.799670 0.432347 0.019352 0.027690
0 0.612288 0.675582 0.020296 0.027061
0 0.663735 0.280680 0.020296 0.026432
0 0.655947 0.257080 0.020768 0.027061
0 0.681435 0.241661 0.020768 0.025173
0 0.689695 0.263059 0.020296 0.027690
0 0.722026 0.262429 0.018880 0.026432
0 0.693707 0.034298 0.019824 0.025802
0 0.714711 0.100378 0.019352 0.027061
0 0.745390 0.130900 0.021240 0.028949
0 0.845453 0.207048 0.020296 0.027690
0 0.894352 0.336123 0.019352 0.023285