0 0.138217 0.433720 0.020232 0.026976
0 0.172719 0.380617 0.021712 0.027690
0 0.163515 0.526621 0.021240 0.027690
0 0.272782 0.530082 0.021712 0.028320
0 0.335085 0.617558 0.020768 0.027061
0 0.327533 0.594273 0.022656 0.029578
0 0.226998 0.404846 0.022656 0.028320
0 0.260274 0.374953 0.020296 0.026432
0 0.275614 0.350724 0.021712 0.028320
0 0.307237 0.354500 0.020768 0.029578
0 0.175079 0.305098 0.022656 0.027690
0 0.263342 0.261989 0.021712 0.029578
0 0.164695 0.240403 0.021712 0.031466
0 0.438499 0.048458 0.021240 0.026432
0 0.448411 0.095658 0.021240 0.030208
0 0.411595 0.234424 0.020296 0.029578
0 0.442039 0.227816 0.020768 0.030208
0 0.476967 0.184078 0.019824 0.029578
0 0.492542 0.203272 0.018880 0.028949
0 0.511422 0.204531 0.019824 0.030208
0 0.570894 0.110132 0.020768 0.031466
0 0.582930 0.093455 0.022184 0.028320
0 0.457851 0.293896 0.021240 0.028949
0 0.496790 0.311517 0.019824 0.028949
0 0.561926 0.271869 0.022656 0.030208
0 0.588121 0.287288 0.022184 0.032096
0 0.614317 0.268408 0.019824 0.029578
0 0.630837 0.282253 0.020768 0.028320
0 0.632489 0.256136 0.020296 0.026432
0 0.665293 0.218691 0.021712 0.029578
0 0.687240 0.185022 0.021240 0.031466
0 0.678509 0.260541 0.021712 0.030208
0 0.540686 0.336690 0.019824 0.027690
0 0.526054 0.353052 0.019824 0.027690
0 0.471067 0.396476 0.019352 0.026432
0 0.403099 0.472310 0.019352 0.028320
0 0.475787 0.465702 0.020296 0.027690
0 0.489947 0.450598 0.020296 0.026432
0 0.536674 0.431089 0.020296 0.026432
0 0.607709 0.410636 0.020768 0.027061
0 0.586941 0.432347 0.020768 0.027690
0 0.606293 0.435179 0.020768 0.027061
0 0.606293 0.460667 0.020768 0.028949
0 0.541630 0.467904 0.020768 0.028320
0 0.497498 0.537130 0.020296 0.029578
0 0.548474 0.516992 0.021240 0.028320
0 0.567826 0.517621 0.018408 0.027061
0 0.687476 0.455632 0.022656 0.030208
0 0.615969 0.369100 0.020296 0.028320
0 0.565230 0.359975 0.020768 0.027690
0 0.664585 0.524858 0.023128 0.027690
0 0.663641 0.621460 0.021240 0.032096
0 0.609597 0.628697 0.021712 0.030208
0 0.574670 0.638767 0.021712 0.028949
0 0.465403 0.803776 0.022184 0.030208
0 0.610541 0.806293 0.021712 0.030208
0 0.793911 0.561548 0.022184 0.028320
0 0.767008 0.457709 0.023128 0.029578
0 0.743644 0.442920 0.021712 0.028949
0 0.774559 0.422152 0.024072 0.025173
0 0.777863 0.399497 0.025960 0.026432
0 0.749544 0.379043 0.020296 0.027061
0 0.778099 0.375582 0.023600 0.027690
0 0.833087 0.360478 0.021240 0.030208
0 0.899166 0.377785 0.021240 0.025802