0 0.071284 0.677966 0.026924 0.043158
0 0.188912 0.751726 0.025600 0.043158
0 0.305217 0.838041 0.025159 0.046296
0 0.486626 0.829410 0.025159 0.049435
0 0.441384 0.715631 0.025600 0.044727
0 0.189575 0.626569 0.025159 0.042373
0 0.252472 0.617153 0.022952 0.043942
0 0.246292 0.579881 0.024718 0.035311
0 0.146981 0.502197 0.022952 0.040019
0 0.180968 0.426868 0.022069 0.043158
0 0.271231 0.489250 0.022511 0.039234
0 0.284913 0.451585 0.022511 0.039234
0 0.258872 0.462178 0.023393 0.041588
0 0.202375 0.422159 0.020745 0.038449
0 0.217823 0.392734 0.022511 0.039234
0 0.298817 0.385279 0.023835 0.041588
0 0.190678 0.342122 0.022952 0.038449
0 0.223340 0.329959 0.021186 0.036095
0 0.229078 0.297787 0.023835 0.034526
0 0.197961 0.264438 0.021628 0.038449
0 0.138374 0.137712 0.022511 0.032957
0 0.323976 0.170669 0.020304 0.034526
0 0.267700 0.255807 0.019862 0.038449
0 0.357963 0.251883 0.022069 0.038449
0 0.377383 0.283663 0.021186 0.036095
0 0.446239 0.102793 0.019421 0.036880
0 0.377825 0.443738 0.022069 0.042373
0 0.384004 0.478264 0.022069 0.039234
0 0.407839 0.449623 0.022069 0.041588
0 0.440722 0.606560 0.024276 0.040019
0 0.437853 0.566933 0.023835 0.037665
0 0.460584 0.561048 0.020745 0.036880
0 0.464557 0.523776 0.023393 0.040804
0 0.493688 0.593220 0.023393 0.044727
0 0.531206 0.581450 0.023393 0.046296
0 0.537827 0.661095 0.024276 0.047081
0 0.569606 0.636378 0.025159 0.046296
0 0.582186 0.689736 0.024718 0.047866
0 0.481550 0.439422 0.022069 0.038449
0 0.466984 0.409605 0.023835 0.040019
0 0.562765 0.449231 0.022952 0.043942
0 0.555041 0.372332 0.020745 0.037665
0 0.573137 0.353892 0.021628 0.038449
0 0.585275 0.113779 0.020304 0.032172
0 0.607786 0.097693 0.020304 0.037665
0 0.609331 0.161252 0.021628 0.039234
0 0.595869 0.209903 0.020304 0.042373
0 0.584613 0.252668 0.021628 0.036880
0 0.594544 0.360562 0.021186 0.039234
0 0.606903 0.334667 0.023835 0.040804
0 0.685028 0.506513 0.023835 0.039234
0 0.688780 0.379787 0.022511 0.041588
0 0.720339 0.369193 0.022952 0.039234
0 0.705553 0.342122 0.022511 0.040019
0 0.667373 0.280132 0.020304 0.038449
0 0.698711 0.267185 0.022952 0.039234
0 0.956038 0.393911 0.022952 0.041588