0 0.147457 0.124659 0.022547 0.033670
0 0.150839 0.287799 0.023900 0.039282
0 0.184208 0.249319 0.022096 0.039282
0 0.216901 0.231682 0.022547 0.039282
0 0.233360 0.342713 0.022998 0.041687
0 0.255005 0.333895 0.021194 0.038480
0 0.257711 0.376383 0.022096 0.040083
0 0.206530 0.379189 0.022547 0.036075
0 0.212166 0.409652 0.022998 0.037678
0 0.165494 0.491823 0.023449 0.041687
0 0.296717 0.431698 0.021645 0.041687
0 0.327606 0.383999 0.022096 0.040885
0 0.372024 0.264951 0.021645 0.043290
0 0.352633 0.144701 0.018939 0.041687
0 0.462211 0.103816 0.018939 0.035273
0 0.531656 0.108225 0.019841 0.034472
0 0.431322 0.260141 0.021194 0.040083
0 0.409903 0.391214 0.023449 0.040885
0 0.376082 0.436909 0.021645 0.044092
0 0.390738 0.466971 0.022998 0.040083
0 0.333920 0.503046 0.022998 0.041687
0 0.078463 0.682219 0.026154 0.040885
0 0.126714 0.740741 0.023449 0.045695
0 0.176768 0.574395 0.025253 0.041687
0 0.230655 0.592031 0.023900 0.043290
0 0.254554 0.607664 0.022998 0.037678
0 0.245310 0.644941 0.024351 0.040083
0 0.312725 0.843354 0.024802 0.047298
0 0.403589 0.709075 0.024351 0.044893
0 0.459055 0.801667 0.025253 0.048902
0 0.448909 0.611672 0.023900 0.039282
0 0.445301 0.571589 0.024802 0.040885
0 0.467848 0.563572 0.022998 0.037678
0 0.471907 0.525894 0.023900 0.037678
0 0.501443 0.596040 0.022547 0.044893
0 0.539096 0.584816 0.024802 0.043290
0 0.544959 0.664181 0.024802 0.044893
0 0.576750 0.640131 0.025253 0.044893
0 0.489042 0.443322 0.021194 0.037678
0 0.474838 0.412859 0.021645 0.039282
0 0.567956 0.435305 0.022998 0.040885
0 0.564349 0.482604 0.023900 0.039282
0 0.549919 0.307439 0.021194 0.038480
0 0.576750 0.331089 0.023449 0.039282
0 0.573593 0.282588 0.020743 0.038480
0 0.590503 0.233285 0.020292 0.039282
0 0.602453 0.102213 0.020743 0.035273
0 0.614854 0.247314 0.020292 0.044893
0 0.642812 0.266154 0.021194 0.036075
0 0.654762 0.335097 0.021645 0.040885
0 0.680691 0.272166 0.022998 0.038480
0 0.705718 0.351932 0.023449 0.042488
0 0.722177 0.371172 0.021194 0.039282
0 0.736607 0.402838 0.021194 0.036877
0 0.961174 0.369569 0.023900 0.040885
0 0.738185 0.544332 0.024351 0.042488
0 0.589601 0.695046 0.023900 0.044092