0 0.125598 0.653528 0.023923 0.041012
0 0.177076 0.583656 0.024351 0.041012
0 0.261663 0.719602 0.025205 0.042531
0 0.310364 0.848333 0.026059 0.047847
0 0.308869 0.712767 0.023923 0.044050
0 0.321898 0.674413 0.023496 0.041771
0 0.302247 0.646692 0.024351 0.041012
0 0.264653 0.552138 0.023496 0.041771
0 0.321471 0.600744 0.025205 0.043290
0 0.338773 0.556315 0.023923 0.044050
0 0.398582 0.671755 0.024778 0.042531
0 0.420156 0.702134 0.023496 0.045568
0 0.443652 0.687704 0.022642 0.044050
0 0.473983 0.713147 0.025205 0.041771
0 0.519908 0.789474 0.025632 0.045568
0 0.554725 0.734412 0.024351 0.044809
0 0.566473 0.658464 0.023923 0.044809
0 0.429981 0.593529 0.024351 0.044050
0 0.468643 0.575682 0.023923 0.043290
0 0.532510 0.571125 0.023496 0.043290
0 0.529306 0.510367 0.023923 0.041771
0 0.395591 0.516443 0.023069 0.041771
0 0.301179 0.462900 0.023069 0.041012
0 0.219156 0.507329 0.023069 0.041771
0 0.258672 0.424926 0.022642 0.037974
0 0.217661 0.383155 0.023496 0.037974
0 0.237526 0.284803 0.020506 0.038733
0 0.258031 0.284803 0.020506 0.035695
0 0.247565 0.255183 0.020079 0.034176
0 0.277683 0.185312 0.020506 0.037214
0 0.305878 0.274550 0.020506 0.039493
0 0.358638 0.242272 0.020933 0.037214
0 0.357784 0.337207 0.020933 0.037214
0 0.379144 0.330751 0.020933 0.041012
0 0.373804 0.364168 0.021360 0.037974
0 0.388115 0.425685 0.023496 0.039493
0 0.413961 0.367586 0.023069 0.041771
0 0.474624 0.413914 0.022215 0.041771
0 0.496625 0.406319 0.020933 0.040252
0 0.546394 0.374801 0.023069 0.042531
0 0.602785 0.496696 0.023069 0.041771
0 0.583775 0.473532 0.023496 0.042531
0 0.618165 0.386952 0.023069 0.037974
0 0.599154 0.368345 0.021787 0.037214
0 0.594028 0.335308 0.021787 0.037974
0 0.605135 0.309866 0.022642 0.035695
0 0.596164 0.281385 0.021787 0.036455
0 0.540841 0.241893 0.020506 0.037974
0 0.567327 0.211134 0.020506 0.037214
0 0.598941 0.226703 0.021360 0.037974
0 0.670924 0.709349 0.025205 0.046328
0 0.679255 0.559353 0.023069 0.041012
0 0.660672 0.537328 0.025205 0.042531
0 0.799513 0.453027 0.023496 0.037974
0 0.646574 0.356573 0.022642 0.041012
0 0.683954 0.317840 0.023069 0.037974
0 0.709373 0.348979 0.022642 0.041012