0 0.078073 0.685793 0.027210 0.043164
0 0.171634 0.754633 0.025954 0.045397
0 0.312919 0.845799 0.025536 0.046141
0 0.204077 0.603929 0.023861 0.044653
0 0.251172 0.598720 0.025117 0.043164
0 0.256614 0.634442 0.023443 0.040188
0 0.168913 0.514996 0.023861 0.042420
0 0.300151 0.520578 0.023443 0.043164
0 0.432225 0.758354 0.023861 0.045397
0 0.481413 0.833891 0.025954 0.046141
0 0.448342 0.613976 0.024280 0.039443
0 0.444993 0.575649 0.024280 0.041676
0 0.468227 0.567463 0.023024 0.040188
0 0.472413 0.532485 0.023861 0.035722
0 0.501088 0.600580 0.022605 0.046885
0 0.537718 0.589417 0.023024 0.043909
0 0.545044 0.669048 0.025117 0.048374
0 0.183146 0.463273 0.023861 0.040188
0 0.198845 0.419364 0.022605 0.038699
0 0.207008 0.385503 0.023861 0.036466
0 0.274406 0.448389 0.023024 0.041676
0 0.290104 0.426807 0.021768 0.037211
0 0.286964 0.392945 0.023861 0.039443
0 0.379689 0.445784 0.022605 0.042420
0 0.391829 0.482251 0.023443 0.039443
0 0.416736 0.441691 0.021350 0.040188
0 0.473878 0.417132 0.022605 0.038699
0 0.488739 0.446528 0.021350 0.039443
0 0.146726 0.127261 0.019675 0.034978
0 0.192984 0.311453 0.021768 0.035722
0 0.227729 0.330059 0.020094 0.034234
0 0.214961 0.306616 0.021350 0.039443
0 0.207217 0.243730 0.022605 0.038699
0 0.260382 0.225869 0.021768 0.037211
0 0.326942 0.151447 0.021768 0.034234
0 0.370479 0.267545 0.021768 0.043164
0 0.401666 0.272010 0.022187 0.038699
0 0.456505 0.106795 0.020512 0.037211
0 0.573928 0.104562 0.020094 0.035722
0 0.610348 0.102329 0.020094 0.038699
0 0.622070 0.200566 0.020931 0.041676
0 0.601139 0.228474 0.022605 0.037955
0 0.611186 0.277964 0.022605 0.043164
0 0.654094 0.285778 0.021350 0.040932
0 0.682979 0.251172 0.021350 0.037211
0 0.555090 0.354990 0.021768 0.039443
0 0.580417 0.391456 0.023024 0.043909
0 0.595487 0.343083 0.023024 0.037955
0 0.631279 0.350153 0.022605 0.040188
0 0.569114 0.465878 0.023024 0.043909
0 0.708724 0.516856 0.024280 0.040188
0 0.713538 0.399643 0.023024 0.040932
0 0.707259 0.350525 0.023024 0.039443
0 0.724422 0.372107 0.022187 0.037955
0 0.962408 0.376200 0.025954 0.038699
0 0.576859 0.644117 0.024280 0.046141
0 0.589627 0.699189 0.023861 0.046141