0 0.147088 0.126783 0.022781 0.036098
0 0.160212 0.290544 0.021296 0.041381
0 0.176307 0.325321 0.022781 0.038739
0 0.194136 0.372425 0.021791 0.039620
0 0.213698 0.266772 0.021296 0.041381
0 0.332062 0.180490 0.021296 0.039620
0 0.249109 0.308593 0.021791 0.038739
0 0.256042 0.353495 0.022781 0.040500
0 0.250099 0.389153 0.021791 0.037859
0 0.232270 0.370664 0.022781 0.039620
0 0.143621 0.478517 0.024762 0.042261
0 0.156002 0.574045 0.023772 0.044902
0 0.078249 0.686300 0.027734 0.044022
0 0.080477 0.756735 0.026248 0.042261
0 0.232765 0.653284 0.023772 0.044902
0 0.250594 0.626871 0.024762 0.043141
0 0.273128 0.648882 0.024267 0.044902
0 0.313490 0.846540 0.025753 0.045783
0 0.433588 0.781388 0.025258 0.044022
0 0.434083 0.738686 0.025258 0.044902
0 0.283281 0.488202 0.023772 0.042261
0 0.319433 0.417327 0.022781 0.039620
0 0.341472 0.500968 0.023277 0.043141
0 0.382082 0.459148 0.022286 0.040500
0 0.366234 0.429213 0.023277 0.042261
0 0.379853 0.381669 0.023772 0.036978
0 0.384311 0.251805 0.019810 0.039620
0 0.458597 0.247843 0.021791 0.038739
0 0.469245 0.106533 0.019315 0.036098
0 0.594295 0.102571 0.019810 0.033457
0 0.530656 0.167283 0.020305 0.039620
0 0.576218 0.221870 0.021296 0.039620
0 0.579190 0.264131 0.021296 0.039620
0 0.537342 0.280859 0.021791 0.039620
0 0.508865 0.327963 0.022286 0.040500
0 0.549723 0.361419 0.021791 0.038739
0 0.474198 0.417327 0.021296 0.037859
0 0.488560 0.444621 0.021296 0.039620
0 0.546504 0.474115 0.023277 0.040500
0 0.565818 0.497007 0.021296 0.044022
0 0.472217 0.528262 0.023277 0.043141
0 0.468255 0.567001 0.023277 0.041381
0 0.445226 0.574925 0.024762 0.041381
0 0.448940 0.614105 0.025258 0.042261
0 0.501189 0.598257 0.023772 0.044022
0 0.538332 0.586811 0.022781 0.044022
0 0.545761 0.668251 0.023772 0.044902
0 0.577704 0.642719 0.025258 0.044902
0 0.591571 0.695985 0.025258 0.044022
0 0.687896 0.247843 0.021791 0.038739
0 0.621038 0.240799 0.022781 0.040500
0 0.668086 0.300229 0.020800 0.037859
0 0.702011 0.351734 0.023277 0.040500
0 0.723306 0.360979 0.021296 0.041381
0 0.742868 0.357898 0.019810 0.040500
0 0.961272 0.361419 0.026743 0.040500
0 0.752278 0.572284 0.024762 0.043141