0 0.071649 0.683346 0.027539 0.041490
0 0.134429 0.592482 0.024272 0.042320
0 0.206311 0.704506 0.026139 0.043980
0 0.230816 0.572981 0.022872 0.044810
0 0.243885 0.788731 0.025672 0.046469
0 0.306432 0.841424 0.025672 0.047299
0 0.276326 0.616961 0.025205 0.044810
0 0.451596 0.824828 0.026606 0.052278
0 0.508542 0.796199 0.025672 0.044810
0 0.441327 0.611153 0.023805 0.043150
0 0.437827 0.571737 0.023338 0.037341
0 0.461865 0.561779 0.023805 0.039001
0 0.465599 0.526097 0.025672 0.040661
0 0.494539 0.596631 0.023805 0.045639
0 0.526512 0.591652 0.023338 0.042320
0 0.538181 0.663845 0.025205 0.047299
0 0.570388 0.639781 0.025205 0.047299
0 0.582758 0.693718 0.024739 0.047299
0 0.415189 0.514480 0.022872 0.040661
0 0.375980 0.499959 0.024739 0.043150
0 0.390450 0.470500 0.022872 0.040661
0 0.280760 0.453904 0.023805 0.040661
0 0.253921 0.538545 0.024272 0.042320
0 0.245286 0.506182 0.023805 0.039001
0 0.195808 0.468841 0.022872 0.040661
0 0.198842 0.434819 0.025205 0.037341
0 0.152166 0.393328 0.023338 0.042320
0 0.177605 0.338561 0.022872 0.039001
0 0.338172 0.382541 0.022872 0.040661
0 0.349375 0.330263 0.021938 0.037341
0 0.166402 0.175504 0.021004 0.036511
0 0.182972 0.263879 0.022405 0.042320
0 0.239684 0.257655 0.021004 0.043150
0 0.244352 0.294996 0.022872 0.039831
0 0.258122 0.268857 0.021471 0.040661
0 0.313900 0.238984 0.021004 0.039001
0 0.365245 0.236910 0.021004 0.041490
0 0.448562 0.150610 0.020538 0.038171
0 0.466299 0.412829 0.020538 0.034852
0 0.481469 0.443947 0.021938 0.040661
0 0.561987 0.436893 0.024272 0.043150
0 0.584625 0.414074 0.021938 0.040661
0 0.559419 0.399967 0.023805 0.040661
0 0.603295 0.355157 0.021938 0.039001
0 0.564320 0.307858 0.020538 0.039001
0 0.584158 0.304954 0.020071 0.046469
0 0.545183 0.163472 0.021471 0.042320
0 0.566888 0.159738 0.021004 0.039831
0 0.585091 0.172185 0.021004 0.039831
0 0.617532 0.139408 0.020538 0.034022
0 0.652539 0.310763 0.021471 0.039831
0 0.672844 0.470500 0.024739 0.040661
0 0.687313 0.328189 0.021938 0.039831
0 0.705984 0.346029 0.021938 0.042320
0 0.714619 0.396648 0.023338 0.042320
0 0.733056 0.456809 0.024739 0.041490
0 0.911128 0.445606 0.022405 0.039001