0 0.074916 0.685005 0.025672 0.038171
0 0.136763 0.595386 0.023338 0.041490
0 0.207944 0.716538 0.026606 0.041490
0 0.242718 0.775869 0.025205 0.043980
0 0.308999 0.840594 0.026139 0.047299
0 0.446462 0.829392 0.025672 0.046469
0 0.504341 0.785827 0.025672 0.045639
0 0.279593 0.618621 0.024272 0.044810
0 0.227082 0.578375 0.023805 0.042320
0 0.262089 0.549332 0.024739 0.040661
0 0.246219 0.520289 0.023805 0.040661
0 0.195108 0.470915 0.022405 0.039831
0 0.199076 0.433574 0.024739 0.038171
0 0.291496 0.441872 0.021938 0.041490
0 0.149832 0.397062 0.022405 0.036511
0 0.185306 0.330678 0.022405 0.038171
0 0.186940 0.261804 0.022872 0.038171
0 0.169903 0.179653 0.021471 0.034852
0 0.239918 0.257655 0.020538 0.039831
0 0.258355 0.267198 0.020071 0.039001
0 0.242252 0.291262 0.021471 0.039001
0 0.342140 0.380466 0.023338 0.039831
0 0.350308 0.336072 0.023805 0.039001
0 0.319501 0.247697 0.020071 0.038171
0 0.369212 0.236495 0.022405 0.037341
0 0.448562 0.151025 0.021471 0.037341
0 0.376914 0.498714 0.023805 0.042320
0 0.392550 0.472160 0.024272 0.040661
0 0.418456 0.513650 0.023805 0.042320
0 0.440627 0.571322 0.024272 0.041490
0 0.443428 0.609078 0.024272 0.040661
0 0.462565 0.560949 0.023338 0.039001
0 0.467466 0.523608 0.022872 0.039001
0 0.495472 0.593727 0.022872 0.044810
0 0.526746 0.600780 0.022872 0.043980
0 0.481936 0.440212 0.021938 0.039831
0 0.468400 0.411584 0.022872 0.037341
0 0.909494 0.445606 0.024739 0.040661
0 0.730489 0.458883 0.023338 0.039001
0 0.668643 0.459713 0.023805 0.040661
0 0.582524 0.690399 0.024272 0.045639
0 0.540282 0.662186 0.025672 0.043980
0 0.571322 0.636462 0.024272 0.045639
0 0.562220 0.434404 0.021938 0.041490
0 0.555919 0.392084 0.021471 0.041490
0 0.586025 0.415318 0.022872 0.041490
0 0.563854 0.309103 0.021471 0.038171
0 0.582758 0.294581 0.021938 0.042320
0 0.610530 0.358476 0.022405 0.040661
0 0.651139 0.302879 0.022405 0.042320
0 0.688947 0.321965 0.022405 0.039001
0 0.706917 0.341051 0.021004 0.040661
0 0.709718 0.400797 0.021004 0.040661
0 0.541682 0.156004 0.021004 0.037341
0 0.562453 0.157663 0.019604 0.035682
0 0.582524 0.165132 0.020538 0.037341
0 0.620332 0.146876 0.021471 0.037341