0 0.078588 0.685065 0.028471 0.043384
0 0.312455 0.846549 0.026211 0.046598
0 0.398771 0.805576 0.025307 0.046598
0 0.260710 0.732064 0.026663 0.044187
0 0.241052 0.691894 0.027115 0.042581
0 0.300027 0.622801 0.024855 0.044187
0 0.276753 0.617980 0.023500 0.042581
0 0.243086 0.635253 0.027567 0.041777
0 0.188404 0.598698 0.025759 0.042581
0 0.207384 0.558126 0.025759 0.041777
0 0.219360 0.512332 0.025307 0.040170
0 0.222975 0.474974 0.025307 0.042581
0 0.186822 0.449667 0.024403 0.041777
0 0.389732 0.513136 0.023500 0.041777
0 0.370978 0.489435 0.023048 0.045794
0 0.270201 0.395437 0.023048 0.045794
0 0.356517 0.399855 0.022144 0.040170
0 0.367137 0.367719 0.024403 0.040170
0 0.378661 0.280148 0.022144 0.038564
0 0.370978 0.248413 0.023048 0.040974
0 0.243086 0.333976 0.023048 0.040170
0 0.235855 0.285370 0.021240 0.036153
0 0.257773 0.284567 0.021692 0.037760
0 0.276302 0.267695 0.021692 0.034546
0 0.248735 0.256046 0.021692 0.033743
0 0.204447 0.190568 0.023500 0.040974
0 0.501401 0.861171 0.025759 0.049811
0 0.516992 0.698482 0.025307 0.045794
0 0.568285 0.706516 0.023952 0.049008
0 0.576193 0.649072 0.026211 0.044991
0 0.587491 0.614526 0.026211 0.044991
0 0.493492 0.618543 0.024403 0.044991
0 0.486262 0.577569 0.025307 0.041777
0 0.472252 0.533382 0.024403 0.041777
0 0.442426 0.540210 0.024403 0.042581
0 0.446493 0.579577 0.024403 0.040974
0 0.448075 0.617739 0.025759 0.038564
0 0.735042 0.561099 0.023952 0.045794
0 0.488069 0.450229 0.023500 0.039367
0 0.474512 0.422110 0.023500 0.037760
0 0.577549 0.459870 0.023500 0.044187
0 0.646014 0.462280 0.023952 0.044187
0 0.662057 0.441793 0.023500 0.041777
0 0.691884 0.435366 0.024403 0.041777
0 0.561506 0.404837 0.023952 0.043384
0 0.562410 0.369888 0.024855 0.042581
0 0.591106 0.387162 0.021692 0.041777
0 0.623418 0.369888 0.023048 0.039367
0 0.675615 0.330521 0.024403 0.044187
0 0.715157 0.356632 0.023048 0.044991
0 0.495300 0.230899 0.020788 0.040974
0 0.584779 0.269864 0.022596 0.041777
0 0.625904 0.242147 0.022596 0.037760
0 0.560828 0.190327 0.020788 0.036957
0 0.548174 0.167832 0.020788 0.033743
0 0.553145 0.139311 0.021692 0.036153