0 0.070719 0.675491 0.029355 0.045545
0 0.305561 0.835373 0.025085 0.048392
0 0.217496 0.748553 0.026153 0.045545
0 0.204419 0.659835 0.025619 0.044596
0 0.263397 0.601955 0.026153 0.046494
0 0.145175 0.536484 0.023484 0.040801
0 0.247918 0.566847 0.026153 0.042699
0 0.242581 0.488092 0.024018 0.042699
0 0.263397 0.475282 0.022950 0.043647
0 0.285013 0.480501 0.023484 0.040801
0 0.380818 0.486669 0.024018 0.043647
0 0.381085 0.446817 0.024552 0.043647
0 0.404302 0.480975 0.022950 0.041750
0 0.198815 0.444444 0.021883 0.040801
0 0.217763 0.424518 0.023484 0.042699
0 0.176398 0.396053 0.024018 0.040801
0 0.169193 0.360945 0.024552 0.038903
0 0.315436 0.386090 0.022417 0.039852
0 0.359202 0.295474 0.020282 0.038903
0 0.358935 0.233798 0.021883 0.040801
0 0.444065 0.111396 0.020282 0.037005
0 0.315169 0.189202 0.020816 0.038903
0 0.246317 0.309707 0.020816 0.040801
0 0.256191 0.281716 0.021349 0.037954
0 0.244983 0.255148 0.022417 0.039852
0 0.191343 0.291204 0.024018 0.039852
0 0.144908 0.148876 0.021883 0.036057
0 0.455006 0.732897 0.025085 0.046494
0 0.440863 0.602903 0.024552 0.040801
0 0.437393 0.564475 0.021883 0.039852
0 0.460611 0.557833 0.023484 0.041750
0 0.464347 0.518930 0.023484 0.037954
0 0.481159 0.436854 0.022950 0.037005
0 0.465948 0.406016 0.022417 0.037954
0 0.494236 0.588671 0.024552 0.044596
0 0.500213 0.820571 0.025619 0.044596
0 0.581874 0.687257 0.024552 0.045545
0 0.536774 0.656893 0.025085 0.047443
0 0.568798 0.633172 0.022950 0.045545
0 0.530369 0.578138 0.024018 0.043647
0 0.675811 0.484202 0.025619 0.045545
0 0.563087 0.436948 0.021136 0.043647
0 0.567731 0.377645 0.024018 0.040801
0 0.591375 0.383338 0.022203 0.040801
0 0.580273 0.350128 0.023484 0.037005
0 0.595111 0.318341 0.022203 0.037954
0 0.587479 0.280862 0.021883 0.038903
0 0.728277 0.393776 0.022737 0.040801
0 0.702765 0.369105 0.022950 0.040801
0 0.707195 0.338742 0.023271 0.038903
0 0.675011 0.311225 0.022950 0.040801
0 0.696627 0.299364 0.022417 0.037954
0 0.593617 0.187399 0.021349 0.039852
0 0.569866 0.140905 0.020816 0.037954
0 0.589347 0.148022 0.021349 0.040801
0 0.610429 0.095360 0.020816 0.039852
0 0.927519 0.403359 0.023484 0.037954