0 0.079585 0.688053 0.029389 0.043191
0 0.314107 0.849042 0.026646 0.049460
0 0.264146 0.727133 0.024687 0.042494
0 0.246121 0.704145 0.025470 0.043887
0 0.245141 0.653640 0.025862 0.043191
0 0.276097 0.630303 0.025078 0.042494
0 0.301763 0.623337 0.024687 0.043887
0 0.193417 0.586764 0.025078 0.044584
0 0.214381 0.555068 0.023903 0.041101
0 0.224765 0.519540 0.023511 0.036921
0 0.220650 0.485754 0.023903 0.040404
0 0.191262 0.459979 0.024687 0.043191
0 0.270807 0.387530 0.023903 0.041797
0 0.251411 0.335632 0.021944 0.039707
0 0.238284 0.291048 0.021552 0.038314
0 0.258268 0.283734 0.020768 0.040404
0 0.277861 0.267363 0.021552 0.042494
0 0.247688 0.257611 0.020768 0.038314
0 0.211050 0.190387 0.022727 0.040404
0 0.372218 0.250296 0.022335 0.039011
0 0.374569 0.285127 0.021552 0.034831
0 0.500157 0.230442 0.021944 0.039707
0 0.553056 0.139533 0.021160 0.037618
0 0.544632 0.164960 0.019984 0.036921
0 0.559326 0.192825 0.021160 0.035528
0 0.588323 0.263184 0.023511 0.039707
0 0.368887 0.371857 0.024295 0.041101
0 0.359483 0.403901 0.021160 0.036921
0 0.371238 0.489586 0.023511 0.045280
0 0.386520 0.520237 0.024295 0.041101
0 0.474687 0.422013 0.022727 0.038314
0 0.488401 0.450226 0.021944 0.039011
0 0.472139 0.534169 0.023119 0.039707
0 0.442947 0.542180 0.025078 0.043191
0 0.447649 0.580843 0.025078 0.041101
0 0.491144 0.581540 0.025862 0.043887
0 0.453918 0.617764 0.025078 0.039707
0 0.489577 0.621595 0.024295 0.040404
0 0.396317 0.796447 0.024295 0.045977
0 0.508777 0.867851 0.025862 0.046674
0 0.510541 0.706583 0.024687 0.045977
0 0.566379 0.711459 0.025862 0.045977
0 0.576763 0.648067 0.024687 0.045977
0 0.594592 0.625078 0.024295 0.041797
0 0.575588 0.462417 0.023903 0.043887
0 0.561677 0.401115 0.022727 0.041101
0 0.587735 0.387879 0.023119 0.041101
0 0.563832 0.364890 0.023903 0.041101
0 0.628017 0.254127 0.021552 0.038314
0 0.618221 0.368722 0.023119 0.043191
0 0.672884 0.325531 0.023511 0.043191
0 0.714420 0.352003 0.021944 0.041797
0 0.686599 0.419923 0.022727 0.045280
0 0.664851 0.451271 0.022335 0.041101
0 0.644671 0.461024 0.023511 0.043887
0 0.732837 0.570045 0.024295 0.043191
0 0.888009 0.502125 0.024295 0.042494