0 0.079846 0.686972 0.029889 0.042699
0 0.157771 0.627669 0.025619 0.045545
0 0.230892 0.751969 0.026687 0.043647
0 0.255177 0.719708 0.025085 0.045545
0 0.314688 0.847803 0.025619 0.049341
0 0.420367 0.878167 0.027754 0.049341
0 0.493222 0.798463 0.027220 0.045545
0 0.159639 0.431255 0.022950 0.041750
0 0.216215 0.440269 0.022950 0.040801
0 0.203939 0.471582 0.022950 0.042699
0 0.215147 0.582598 0.024018 0.044596
0 0.243702 0.568365 0.024552 0.042699
0 0.277594 0.584496 0.025085 0.044596
0 0.291204 0.627194 0.025619 0.040801
0 0.449722 0.616282 0.025619 0.041750
0 0.447321 0.576905 0.025085 0.042699
0 0.440382 0.538476 0.025085 0.041750
0 0.469737 0.569314 0.022950 0.042699
0 0.472673 0.533257 0.025619 0.038903
0 0.501494 0.606794 0.024552 0.049341
0 0.373399 0.497201 0.023484 0.046494
0 0.398217 0.496252 0.022950 0.044596
0 0.299210 0.419869 0.024552 0.045545
0 0.345111 0.364835 0.022417 0.041750
0 0.365927 0.369580 0.023484 0.041750
0 0.474274 0.418920 0.022417 0.041750
0 0.488685 0.448335 0.023484 0.041750
0 0.184458 0.192618 0.021349 0.040801
0 0.218617 0.265205 0.023484 0.041750
0 0.218617 0.313123 0.024552 0.042699
0 0.247705 0.287978 0.022950 0.041750
0 0.248239 0.254294 0.019748 0.033210
0 0.266119 0.271373 0.021349 0.037005
0 0.348580 0.255717 0.020816 0.039852
0 0.382739 0.248126 0.021883 0.037954
0 0.474274 0.190246 0.021349 0.039852
0 0.543926 0.142139 0.021883 0.040801
0 0.551665 0.168232 0.022417 0.039852
0 0.571947 0.174874 0.020282 0.039852
0 0.629056 0.197647 0.022417 0.039852
0 0.582355 0.296802 0.022950 0.042699
0 0.580487 0.333808 0.023484 0.040801
0 0.550865 0.397856 0.024018 0.043647
0 0.563407 0.426321 0.023484 0.045545
0 0.585290 0.436759 0.022417 0.041750
0 0.625053 0.405921 0.024018 0.042699
0 0.631458 0.330487 0.024018 0.041750
0 0.682430 0.335705 0.024552 0.042699
0 0.714187 0.350413 0.024018 0.043647
0 0.713386 0.426321 0.024552 0.041750
0 0.661347 0.464750 0.025085 0.044596
0 0.747545 0.508397 0.023484 0.042699
0 0.916204 0.499383 0.024552 0.039852
0 0.554067 0.627479 0.025085 0.039852
0 0.577818 0.646456 0.025619 0.045545
0 0.537788 0.680140 0.025619 0.046494
0 0.575683 0.700541 0.025619 0.045545