0 0.071315 0.677496 0.028724 0.042261
0 0.144116 0.556436 0.024762 0.041381
0 0.209984 0.670453 0.024762 0.044022
0 0.228803 0.780947 0.026743 0.044902
0 0.307300 0.835975 0.027239 0.045783
0 0.463055 0.770382 0.024762 0.048424
0 0.507627 0.811322 0.024762 0.045783
0 0.583399 0.689382 0.025753 0.046663
0 0.571018 0.635235 0.024762 0.045783
0 0.539570 0.659447 0.024267 0.046663
0 0.532141 0.579768 0.024267 0.045783
0 0.495493 0.591213 0.023277 0.044022
0 0.442502 0.605300 0.024267 0.040500
0 0.439035 0.565681 0.023277 0.040500
0 0.462064 0.557316 0.023772 0.039620
0 0.466026 0.520778 0.024762 0.040500
0 0.410559 0.498327 0.023772 0.041381
0 0.378863 0.493485 0.022781 0.042261
0 0.389015 0.456066 0.024267 0.041381
0 0.482369 0.437137 0.022781 0.038739
0 0.468750 0.409843 0.021296 0.038739
0 0.268918 0.606621 0.023772 0.044902
0 0.240937 0.555996 0.025258 0.045783
0 0.248118 0.508892 0.023772 0.043141
0 0.262728 0.472795 0.022286 0.043141
0 0.285014 0.463550 0.021296 0.042261
0 0.198098 0.462229 0.022781 0.041381
0 0.203546 0.427012 0.024762 0.039620
0 0.172098 0.386071 0.023277 0.040500
0 0.167145 0.342490 0.024267 0.039620
0 0.154269 0.159359 0.021296 0.036098
0 0.187698 0.278658 0.021791 0.044022
0 0.245889 0.294946 0.022286 0.037859
0 0.240937 0.257088 0.020305 0.037859
0 0.260004 0.270734 0.022781 0.036978
0 0.314233 0.207343 0.022286 0.038739
0 0.325872 0.382110 0.022781 0.041381
0 0.360539 0.310354 0.021791 0.038739
0 0.364996 0.232435 0.020800 0.037859
0 0.447207 0.124582 0.020800 0.036978
0 0.612619 0.100810 0.019810 0.033457
0 0.559875 0.148354 0.021296 0.035217
0 0.581171 0.154517 0.020305 0.036978
0 0.595781 0.177848 0.021791 0.039620
0 0.577704 0.289664 0.020305 0.036098
0 0.596276 0.316957 0.022781 0.039620
0 0.585876 0.357017 0.021791 0.040500
0 0.569532 0.379908 0.022781 0.042261
0 0.591323 0.390474 0.021791 0.038739
0 0.565075 0.437137 0.022781 0.044022
0 0.676258 0.476756 0.024267 0.044022
0 0.729497 0.410724 0.023772 0.040500
0 0.708944 0.375946 0.023277 0.039620
0 0.709935 0.337207 0.021296 0.034337
0 0.696504 0.314658 0.021186 0.040019
0 0.670242 0.313481 0.024276 0.042373
0 0.917858 0.410782 0.023393 0.040804