0 0.078328 0.696248 0.025162 0.039683
0 0.219156 0.738456 0.025162 0.047619
0 0.312500 0.856782 0.025974 0.047619
0 0.265828 0.716450 0.024351 0.044012
0 0.282062 0.687229 0.025162 0.041847
0 0.305804 0.671717 0.026380 0.044012
0 0.385146 0.711760 0.025974 0.046176
0 0.312906 0.622655 0.025974 0.042569
0 0.370333 0.556999 0.023133 0.042569
0 0.230519 0.574315 0.022727 0.044012
0 0.245333 0.526696 0.024756 0.041126
0 0.176339 0.556999 0.023945 0.041126
0 0.209010 0.494589 0.023539 0.038961
0 0.220982 0.452742 0.023133 0.038961
0 0.234172 0.343795 0.020292 0.037518
0 0.287541 0.348846 0.023133 0.040404
0 0.242289 0.293651 0.021916 0.039683
0 0.261769 0.284632 0.021104 0.036075
0 0.250000 0.260101 0.020292 0.036075
0 0.241477 0.181457 0.021104 0.037518
0 0.314123 0.264069 0.021916 0.039683
0 0.371550 0.210678 0.020698 0.038240
0 0.361201 0.353896 0.021916 0.040404
0 0.382914 0.353535 0.021510 0.039683
0 0.382914 0.417027 0.022321 0.039683
0 0.373174 0.459235 0.023945 0.040404
0 0.433442 0.611472 0.022727 0.044733
0 0.454951 0.628788 0.023539 0.041847
0 0.430398 0.540043 0.025568 0.041847
0 0.462865 0.546537 0.022321 0.038961
0 0.486810 0.455628 0.021510 0.037518
0 0.478287 0.422078 0.022321 0.039683
0 0.532265 0.273088 0.021510 0.038961
0 0.543019 0.181457 0.021104 0.037518
0 0.482143 0.602092 0.025162 0.044733
0 0.502435 0.585137 0.022727 0.039683
0 0.490463 0.760101 0.024756 0.046176
0 0.533888 0.843074 0.024756 0.047619
0 0.561485 0.728355 0.023945 0.044733
0 0.574675 0.657648 0.025162 0.047619
0 0.616071 0.668831 0.025162 0.046898
0 0.696226 0.555195 0.024756 0.041847
0 0.857143 0.503968 0.024351 0.040404
0 0.684253 0.497475 0.023539 0.040404
0 0.639813 0.481962 0.023133 0.042569
0 0.556818 0.487013 0.022727 0.042569
0 0.568385 0.405123 0.023133 0.037518
0 0.586648 0.425685 0.022321 0.039683
0 0.571429 0.370851 0.021916 0.036797
0 0.586648 0.349928 0.021510 0.042569
0 0.617289 0.277778 0.020292 0.038240
0 0.633117 0.316378 0.021916 0.038961
0 0.665179 0.377345 0.022727 0.042569
0 0.684456 0.295815 0.022321 0.039683
0 0.712662 0.356782 0.023539 0.041847
0 0.566356 0.230519 0.020698 0.038961
0 0.569602 0.154762 0.021510 0.036075