0 0.146531 0.131389 0.022215 0.032657
0 0.127307 0.328852 0.022215 0.037214
0 0.110646 0.459862 0.023923 0.039493
0 0.077538 0.688464 0.026914 0.041012
0 0.070062 0.887446 0.026487 0.047087
0 0.143327 0.560872 0.024351 0.041012
0 0.217874 0.648591 0.024778 0.043290
0 0.251623 0.711248 0.025632 0.044050
0 0.272343 0.662262 0.023496 0.043290
0 0.312714 0.849472 0.024778 0.047087
0 0.435535 0.770867 0.025205 0.044809
0 0.469070 0.809600 0.024778 0.044809
0 0.338773 0.560112 0.023923 0.041012
0 0.301179 0.536189 0.024778 0.043290
0 0.447710 0.618212 0.023069 0.040252
0 0.501538 0.602263 0.023923 0.041771
0 0.444506 0.577580 0.023496 0.039493
0 0.469284 0.568846 0.023496 0.041771
0 0.472488 0.532771 0.023069 0.039493
0 0.538491 0.591631 0.023496 0.046328
0 0.545967 0.670236 0.024778 0.044050
0 0.373163 0.461381 0.023496 0.039493
0 0.347317 0.436318 0.023923 0.041012
0 0.340055 0.374041 0.022215 0.039493
0 0.277042 0.366067 0.020933 0.038733
0 0.247992 0.382016 0.021787 0.038733
0 0.234322 0.359991 0.020933 0.038733
0 0.223855 0.392269 0.023069 0.039493
0 0.212534 0.367206 0.022642 0.036455
0 0.198864 0.309106 0.022642 0.038733
0 0.221933 0.317840 0.022642 0.041012
0 0.254400 0.268474 0.021787 0.039493
0 0.293489 0.173920 0.020506 0.038733
0 0.369959 0.242652 0.021360 0.037974
0 0.488935 0.447710 0.021787 0.037974
0 0.475051 0.419989 0.022215 0.035695
0 0.479751 0.374041 0.022215 0.041012
0 0.497907 0.343282 0.021787 0.035695
0 0.488935 0.285183 0.022642 0.042531
0 0.554511 0.321637 0.021360 0.039493
0 0.568395 0.378978 0.023496 0.041771
0 0.547890 0.542265 0.024351 0.043290
0 0.482100 0.110124 0.018370 0.035695
0 0.543190 0.115060 0.020079 0.034936
0 0.562415 0.187210 0.021787 0.039493
0 0.572240 0.116959 0.020079 0.035695
0 0.589756 0.700615 0.025205 0.044050
0 0.577153 0.646692 0.024778 0.045568
0 0.577580 0.517202 0.023069 0.043290
0 0.602145 0.304929 0.021787 0.041012
0 0.644865 0.279487 0.021787 0.038733
0 0.661312 0.262778 0.021360 0.037214
0 0.677333 0.376320 0.022642 0.042531
0 0.698266 0.388851 0.021787 0.040252
0 0.729451 0.378978 0.022642 0.044809
0 0.774735 0.635300 0.024351 0.044050
0 0.959287 0.358092 0.024351 0.037974