0 0.074547 0.685046 0.027768 0.041771
0 0.135851 0.609478 0.028195 0.042531
0 0.207194 0.731374 0.026487 0.041771
0 0.241157 0.767829 0.026059 0.046328
0 0.309510 0.844536 0.026059 0.049366
0 0.441089 0.846434 0.026059 0.048606
0 0.503674 0.789094 0.025632 0.046328
0 0.280673 0.620870 0.024778 0.045568
0 0.225137 0.576441 0.025632 0.044809
0 0.268498 0.560112 0.025205 0.044050
0 0.248847 0.530113 0.024351 0.044809
0 0.196087 0.471634 0.023923 0.038733
0 0.148240 0.405180 0.023923 0.039493
0 0.201427 0.435938 0.025205 0.038733
0 0.291781 0.437837 0.024778 0.042531
0 0.191174 0.329612 0.023496 0.038733
0 0.171523 0.180755 0.021787 0.037214
0 0.195232 0.257462 0.023069 0.038733
0 0.240943 0.255183 0.020506 0.035695
0 0.243293 0.288600 0.020933 0.037214
0 0.260808 0.268094 0.020079 0.038733
0 0.327025 0.254804 0.021787 0.039493
0 0.370813 0.238475 0.021360 0.038733
0 0.345822 0.342903 0.022642 0.041012
0 0.349667 0.380497 0.023496 0.038733
0 0.375299 0.501253 0.022642 0.040252
0 0.393455 0.478469 0.022215 0.041771
0 0.422078 0.522139 0.023069 0.042531
0 0.441089 0.574163 0.023496 0.043290
0 0.444293 0.612136 0.025632 0.043290
0 0.464158 0.564669 0.024351 0.041012
0 0.468002 0.527835 0.023496 0.041771
0 0.469925 0.415053 0.022215 0.041012
0 0.484450 0.444293 0.022215 0.038733
0 0.497266 0.596947 0.024778 0.046328
0 0.531015 0.614415 0.023923 0.044809
0 0.538918 0.670616 0.024351 0.047847
0 0.573095 0.640617 0.025205 0.044050
0 0.552375 0.402521 0.023923 0.041771
0 0.563696 0.433280 0.023496 0.042531
0 0.566900 0.318979 0.022215 0.038733
0 0.454118 0.161009 0.020506 0.037214
0 0.539559 0.154553 0.021360 0.041012
0 0.558783 0.162907 0.018797 0.037974
0 0.578648 0.166325 0.020079 0.040252
0 0.622437 0.160629 0.021360 0.037974
0 0.579930 0.293917 0.018370 0.041771
0 0.585056 0.419610 0.021787 0.039493
0 0.614747 0.377079 0.023069 0.041012
0 0.644865 0.311005 0.022642 0.039493
0 0.665798 0.459482 0.023496 0.040252
0 0.707664 0.409357 0.023496 0.041771
0 0.732656 0.472393 0.023069 0.041771
0 0.691217 0.326194 0.023923 0.042531
0 0.709373 0.345181 0.023496 0.041012
0 0.915713 0.464419 0.023496 0.041012
0 0.580144 0.694919 0.024778 0.043290