0 0.067488 0.676787 0.026995 0.043818
0 0.199824 0.739906 0.026408 0.049035
0 0.304284 0.835889 0.026408 0.049035
0 0.495305 0.826917 0.025822 0.046948
0 0.451878 0.706938 0.023474 0.046948
0 0.195129 0.643818 0.024061 0.045905
0 0.256455 0.609911 0.024648 0.042775
0 0.247066 0.575483 0.025822 0.042775
0 0.143779 0.519145 0.024648 0.042775
0 0.438674 0.604695 0.024061 0.042775
0 0.435153 0.563485 0.022887 0.041732
0 0.286385 0.478978 0.022300 0.041732
0 0.264671 0.472718 0.022300 0.039645
0 0.243838 0.469066 0.019366 0.038602
0 0.195716 0.433073 0.021714 0.041732
0 0.175763 0.412728 0.024061 0.040689
0 0.221213 0.402817 0.022239 0.039645
0 0.301714 0.387689 0.023615 0.042775
0 0.380869 0.479499 0.023474 0.040689
0 0.400235 0.463850 0.021127 0.038602
0 0.377934 0.443505 0.023474 0.037559
0 0.235035 0.330805 0.022887 0.037608
0 0.178404 0.346562 0.023474 0.039811
0 0.196303 0.281273 0.021714 0.036515
0 0.244131 0.296922 0.022300 0.034429
0 0.255282 0.261972 0.022300 0.037559
0 0.136336 0.140432 0.020425 0.039942
0 0.318117 0.175381 0.021446 0.037219
0 0.364839 0.288853 0.021957 0.039034
0 0.354626 0.238471 0.022978 0.038126
0 0.442198 0.097767 0.019404 0.036311
0 0.458538 0.557099 0.022467 0.041757
0 0.461601 0.518065 0.022467 0.039942
0 0.491473 0.587055 0.023999 0.045389
0 0.528748 0.577524 0.023999 0.044481
0 0.535641 0.656500 0.025531 0.046296
0 0.478707 0.435276 0.021957 0.039942
0 0.464665 0.404412 0.022467 0.036311
0 0.605647 0.092956 0.019914 0.037219
0 0.576797 0.128359 0.020425 0.035403
0 0.597988 0.147876 0.020935 0.036311
0 0.592882 0.192810 0.020935 0.037219
0 0.583435 0.266794 0.021446 0.039942
0 0.596201 0.324437 0.022467 0.040850
0 0.569904 0.347585 0.021957 0.041757
0 0.591095 0.359386 0.021446 0.038126
0 0.557394 0.373911 0.022467 0.038126
0 0.561479 0.438362 0.023489 0.045389
0 0.567606 0.632171 0.025531 0.046296
0 0.580116 0.686638 0.026042 0.046296
0 0.679688 0.487382 0.022978 0.041757
0 0.672794 0.290487 0.021446 0.039034
0 0.695006 0.285948 0.021957 0.039034
0 0.705219 0.337237 0.022978 0.039942
0 0.722324 0.369009 0.022467 0.041757
0 0.692453 0.363108 0.023999 0.042665
0 0.936275 0.388072 0.022467 0.043573