0 0.078832 0.696176 0.029355 0.041750
0 0.314742 0.855110 0.026153 0.046494
0 0.225608 0.727014 0.025085 0.044596
0 0.260835 0.712307 0.025085 0.045545
0 0.280850 0.690009 0.025619 0.044596
0 0.300331 0.665338 0.025085 0.044596
0 0.311806 0.625012 0.025619 0.041750
0 0.383326 0.729386 0.026687 0.045545
0 0.495677 0.753582 0.025085 0.048392
0 0.456714 0.625961 0.024018 0.043647
0 0.436166 0.604137 0.023484 0.045545
0 0.483134 0.605560 0.023484 0.042699
0 0.503683 0.587058 0.025085 0.043647
0 0.182910 0.553373 0.024018 0.042699
0 0.230145 0.571876 0.025619 0.043647
0 0.237617 0.526331 0.024552 0.041750
0 0.210931 0.507828 0.025619 0.040801
0 0.214400 0.458013 0.024018 0.041750
0 0.374253 0.549103 0.023484 0.041750
0 0.432696 0.542461 0.025085 0.039852
0 0.466588 0.544359 0.022417 0.043647
0 0.488471 0.454692 0.022417 0.038903
0 0.475128 0.427650 0.024552 0.041750
0 0.374253 0.464655 0.024552 0.039852
0 0.378523 0.411994 0.023484 0.040801
0 0.381992 0.363127 0.022950 0.037954
0 0.362244 0.347946 0.021883 0.039852
0 0.378523 0.215106 0.022417 0.039852
0 0.281917 0.352690 0.023484 0.039852
0 0.241887 0.357909 0.022417 0.038903
0 0.242421 0.295284 0.020282 0.037005
0 0.262703 0.284372 0.022417 0.036057
0 0.249093 0.263023 0.022950 0.035108
0 0.238952 0.178575 0.020816 0.037005
0 0.303000 0.263972 0.021883 0.040801
0 0.564421 0.156372 0.021883 0.037005
0 0.546008 0.170130 0.021349 0.037954
0 0.531597 0.269286 0.022417 0.040801
0 0.564155 0.225164 0.022417 0.039852
0 0.615927 0.270234 0.022417 0.038903
0 0.635942 0.309612 0.021883 0.037954
0 0.680241 0.297277 0.022950 0.041750
0 0.714133 0.356106 0.023484 0.043647
0 0.667965 0.380302 0.021883 0.044596
0 0.580167 0.341399 0.023484 0.040801
0 0.570559 0.370339 0.022417 0.037954
0 0.571360 0.402600 0.024018 0.039852
0 0.591108 0.417307 0.022950 0.042699
0 0.562820 0.482304 0.024018 0.043647
0 0.643947 0.475187 0.024018 0.044596
0 0.680775 0.486099 0.025085 0.043647
0 0.701057 0.562482 0.026153 0.042699
0 0.863044 0.502230 0.026687 0.043647
0 0.531330 0.848088 0.026153 0.046494
0 0.563888 0.724737 0.026153 0.046494
0 0.576697 0.655470 0.025085 0.046494
0 0.616994 0.662587 0.025619 0.045545