0 0.073711 0.679143 0.027366 0.040804
0 0.143450 0.563010 0.023835 0.040804
0 0.208775 0.676789 0.024718 0.043942
0 0.235258 0.791353 0.026483 0.047081
0 0.307865 0.837257 0.024276 0.046296
0 0.463674 0.786645 0.025159 0.047081
0 0.510019 0.803515 0.025159 0.046296
0 0.539592 0.659134 0.025159 0.046296
0 0.572034 0.634024 0.023835 0.044727
0 0.532751 0.580665 0.022952 0.044727
0 0.496778 0.592043 0.023393 0.045512
0 0.443150 0.606168 0.024718 0.040804
0 0.439619 0.567718 0.022952 0.039234
0 0.269686 0.608914 0.023835 0.043158
0 0.238789 0.561441 0.024718 0.047081
0 0.252913 0.517106 0.023835 0.041588
0 0.261079 0.479049 0.023393 0.040804
0 0.281824 0.460609 0.022511 0.043158
0 0.380032 0.494350 0.024718 0.040019
0 0.389080 0.459432 0.023393 0.039234
0 0.413356 0.503374 0.023393 0.040804
0 0.462791 0.557910 0.022511 0.040019
0 0.466102 0.523776 0.022952 0.039234
0 0.198623 0.464140 0.023835 0.040804
0 0.201492 0.429222 0.024276 0.038449
0 0.165960 0.388026 0.022952 0.042373
0 0.168609 0.337414 0.022952 0.040019
0 0.184719 0.274247 0.021628 0.040804
0 0.156029 0.164783 0.021628 0.038449
0 0.330597 0.380964 0.022069 0.042373
0 0.244968 0.293864 0.022952 0.040804
0 0.240554 0.255022 0.021186 0.041588
0 0.258210 0.269539 0.021186 0.036095
0 0.314707 0.212257 0.021186 0.037665
0 0.365025 0.232266 0.021186 0.040019
0 0.359949 0.316227 0.022511 0.041588
0 0.483316 0.438245 0.022069 0.040804
0 0.468750 0.411174 0.022952 0.040019
0 0.449770 0.131827 0.021186 0.038449
0 0.583731 0.688952 0.024276 0.044727
0 0.565192 0.435891 0.024276 0.043942
0 0.674435 0.474733 0.022952 0.043158
0 0.588586 0.400973 0.023393 0.038449
0 0.568061 0.388418 0.022952 0.043158
0 0.591013 0.350361 0.022952 0.036095
0 0.592338 0.313481 0.022952 0.037665
0 0.575565 0.296218 0.022069 0.039234
0 0.663621 0.310342 0.021628 0.039234
0 0.732477 0.425691 0.024276 0.040804
0 0.713056 0.378217 0.023393 0.038449
0 0.708422 0.339375 0.021186 0.039234
0 0.691428 0.318974 0.022511 0.039234
0 0.915431 0.417451 0.023835 0.038449
0 0.553937 0.155367 0.020304 0.036880
0 0.576227 0.152621 0.020745 0.034526
0 0.591675 0.173023 0.021628 0.037665
0 0.614627 0.111033 0.019862 0.034526