0 0.079300 0.685005 0.028726 0.041783
0 0.183757 0.615367 0.026114 0.040235
0 0.314110 0.846719 0.025679 0.046425
0 0.401375 0.819251 0.025244 0.048747
0 0.257965 0.745357 0.026549 0.044878
0 0.246213 0.685392 0.024808 0.044104
0 0.241643 0.620396 0.025244 0.044104
0 0.297136 0.624265 0.023938 0.044104
0 0.274504 0.611498 0.023938 0.043330
0 0.207042 0.569715 0.024808 0.043330
0 0.217923 0.508589 0.023068 0.038688
0 0.224669 0.471835 0.025244 0.042556
0 0.181363 0.446688 0.022197 0.041783
0 0.393323 0.505107 0.022197 0.041009
0 0.371562 0.490019 0.023068 0.044878
0 0.274721 0.400650 0.024373 0.041009
0 0.352411 0.396394 0.023068 0.038688
0 0.365904 0.366992 0.024808 0.038688
0 0.242514 0.326756 0.022632 0.038688
0 0.234244 0.282652 0.020021 0.037140
0 0.255353 0.286908 0.021327 0.036366
0 0.249260 0.256732 0.020456 0.033271
0 0.275157 0.274141 0.021762 0.037140
0 0.199643 0.192510 0.023068 0.037914
0 0.366339 0.251315 0.022197 0.037914
0 0.379396 0.273754 0.021327 0.037914
0 0.492862 0.225008 0.021762 0.041009
0 0.552925 0.139895 0.020891 0.037914
0 0.547049 0.167363 0.020456 0.034045
0 0.562935 0.185546 0.020891 0.036366
0 0.582086 0.276076 0.021762 0.041009
0 0.623651 0.229263 0.021327 0.038688
0 0.474365 0.418059 0.022197 0.037140
0 0.489598 0.450170 0.022197 0.036366
0 0.559671 0.373955 0.023068 0.038688
0 0.561630 0.409161 0.023503 0.039461
0 0.579039 0.454039 0.023503 0.044104
0 0.591878 0.374342 0.023068 0.041009
0 0.631920 0.366992 0.024808 0.043330
0 0.675009 0.326370 0.022197 0.042556
0 0.714180 0.351517 0.022197 0.041783
0 0.661734 0.428118 0.022632 0.040235
0 0.650418 0.461777 0.024373 0.041009
0 0.697423 0.443980 0.022632 0.044104
0 0.740947 0.547663 0.024373 0.044104
0 0.441722 0.538378 0.024808 0.039461
0 0.472841 0.532575 0.024373 0.041783
0 0.481981 0.567781 0.022632 0.039461
0 0.447162 0.579000 0.024373 0.041783
0 0.449121 0.615754 0.023068 0.041009
0 0.494603 0.615754 0.024373 0.042556
0 0.524634 0.689647 0.025244 0.046425
0 0.572728 0.704349 0.025679 0.046425
0 0.577733 0.646317 0.026114 0.044878
0 0.581215 0.602213 0.025244 0.043330
0 0.496344 0.849273 0.026114 0.048747
0 0.898242 0.513463 0.024373 0.042556