0 0.135946 0.652856 0.025600 0.043158
0 0.179202 0.611268 0.025600 0.041588
0 0.313824 0.844711 0.026483 0.047081
0 0.266155 0.696014 0.024718 0.046296
0 0.316031 0.727009 0.025600 0.043942
0 0.335452 0.679928 0.025600 0.043942
0 0.395260 0.685421 0.024276 0.047081
0 0.439619 0.712100 0.023835 0.045512
0 0.417329 0.692875 0.021628 0.044727
0 0.476695 0.696014 0.023835 0.043158
0 0.515316 0.753296 0.025159 0.043158
0 0.557910 0.738387 0.025600 0.046296
0 0.568944 0.655603 0.024718 0.045512
0 0.309852 0.634416 0.024718 0.040804
0 0.326624 0.591651 0.025600 0.040019
0 0.282044 0.544178 0.024718 0.040804
0 0.331259 0.535546 0.024276 0.042373
0 0.206126 0.500628 0.023835 0.041588
0 0.216499 0.408427 0.023393 0.040804
0 0.273217 0.419413 0.022952 0.042373
0 0.310955 0.449623 0.023393 0.041588
0 0.387094 0.512006 0.023835 0.043942
0 0.423508 0.579096 0.024276 0.041588
0 0.457053 0.579096 0.024276 0.043158
0 0.549523 0.567718 0.023835 0.045512
0 0.516640 0.506905 0.023393 0.043158
0 0.598958 0.501805 0.022952 0.043942
0 0.578655 0.465317 0.023835 0.041588
0 0.511344 0.411174 0.022511 0.040019
0 0.478240 0.406466 0.022511 0.041588
0 0.400115 0.412351 0.023393 0.040804
0 0.539151 0.358600 0.021628 0.041588
0 0.421301 0.344083 0.021628 0.042373
0 0.380252 0.358992 0.022511 0.039234
0 0.357521 0.354677 0.021186 0.041588
0 0.383563 0.326428 0.023835 0.040019
0 0.266596 0.273854 0.021186 0.036880
0 0.252692 0.252668 0.020745 0.036880
0 0.241658 0.282878 0.022511 0.037665
0 0.292638 0.184008 0.020304 0.036095
0 0.328390 0.266008 0.021186 0.040019
0 0.369880 0.246783 0.022069 0.037665
0 0.688339 0.708569 0.025159 0.046296
0 0.681497 0.558302 0.023835 0.043942
0 0.666490 0.529661 0.024718 0.043158
0 0.790519 0.436676 0.024718 0.040804
0 0.624117 0.404112 0.022069 0.038449
0 0.611758 0.371547 0.022952 0.039234
0 0.650159 0.350361 0.022952 0.040804
0 0.716367 0.346045 0.022069 0.041588
0 0.682821 0.310342 0.023835 0.040804
0 0.590793 0.336237 0.022511 0.037665
0 0.602931 0.311519 0.023835 0.038449
0 0.611096 0.283271 0.022511 0.035311
0 0.551068 0.239721 0.022511 0.036095
0 0.555923 0.209903 0.021628 0.034526
0 0.602048 0.220104 0.022069 0.039234