0 0.312059 0.847458 0.023835 0.046296
0 0.266817 0.707392 0.024276 0.045512
0 0.313162 0.716808 0.025159 0.043942
0 0.326183 0.681890 0.024718 0.041588
0 0.304114 0.644225 0.025600 0.041588
0 0.176333 0.598713 0.025159 0.043158
0 0.130650 0.651679 0.024718 0.045512
0 0.324638 0.594790 0.025159 0.040019
0 0.274100 0.547709 0.022952 0.041588
0 0.334569 0.546532 0.023835 0.043942
0 0.389963 0.516321 0.022511 0.043158
0 0.306541 0.457470 0.024276 0.043158
0 0.210982 0.507690 0.023835 0.040019
0 0.262624 0.419021 0.022069 0.040019
0 0.210982 0.404112 0.023835 0.038449
0 0.238127 0.284055 0.019862 0.038449
0 0.258430 0.283271 0.019862 0.035311
0 0.249603 0.254630 0.022511 0.036095
0 0.284251 0.182831 0.021186 0.038449
0 0.316914 0.268362 0.020304 0.038449
0 0.360169 0.245213 0.022069 0.037665
0 0.356638 0.349184 0.020304 0.036880
0 0.379370 0.329175 0.023393 0.040804
0 0.376059 0.360562 0.020304 0.034526
0 0.394597 0.419805 0.022069 0.040019
0 0.419315 0.356246 0.022069 0.043158
0 0.397908 0.679535 0.024276 0.043158
0 0.418653 0.701114 0.023393 0.043942
0 0.442046 0.700722 0.022511 0.043158
0 0.474047 0.706215 0.024718 0.043158
0 0.515978 0.772913 0.024718 0.043158
0 0.556365 0.734071 0.025159 0.043942
0 0.425274 0.584196 0.023393 0.042373
0 0.461909 0.575957 0.024276 0.043158
0 0.568061 0.655603 0.023835 0.045512
0 0.538047 0.563795 0.022952 0.045512
0 0.521937 0.507690 0.023393 0.041588
0 0.679290 0.708569 0.024718 0.046296
0 0.600062 0.497489 0.022511 0.040019
0 0.579979 0.473556 0.022952 0.040804
0 0.478240 0.411566 0.022511 0.040804
0 0.502737 0.405681 0.022069 0.041588
0 0.680173 0.558694 0.024718 0.041588
0 0.662297 0.534369 0.024276 0.043158
0 0.796036 0.439422 0.023393 0.040019
0 0.545109 0.363701 0.022069 0.039234
0 0.620807 0.397050 0.022511 0.040019
0 0.605800 0.369586 0.021628 0.041588
0 0.648393 0.352323 0.022952 0.040019
0 0.712835 0.346045 0.021186 0.041588
0 0.680614 0.313481 0.022069 0.042373
0 0.591675 0.336237 0.021628 0.039234
0 0.603593 0.312304 0.022511 0.033741
0 0.605579 0.279347 0.022069 0.036880
0 0.543565 0.241290 0.020745 0.039234
0 0.564089 0.212649 0.019421 0.036880
0 0.599620 0.222065 0.020745 0.038449