0 0.144210 0.131794 0.022186 0.033670
0 0.140422 0.326118 0.022186 0.039442
0 0.303906 0.174009 0.020531 0.038197
0 0.242074 0.277141 0.021008 0.037348
0 0.208413 0.301757 0.023396 0.037348
0 0.210084 0.336983 0.021963 0.034802
0 0.209845 0.388762 0.021486 0.038197
0 0.232286 0.394703 0.021486 0.036499
0 0.235151 0.358628 0.020531 0.037348
0 0.252101 0.379849 0.020053 0.039046
0 0.272632 0.377727 0.021008 0.036499
0 0.121753 0.456243 0.023873 0.037348
0 0.077349 0.691367 0.026738 0.039046
0 0.143955 0.567864 0.024351 0.043290
0 0.076155 0.852220 0.028170 0.041592
0 0.221543 0.652322 0.023873 0.045837
0 0.267141 0.648926 0.024351 0.042441
0 0.268812 0.702402 0.025783 0.042441
0 0.312023 0.849249 0.024351 0.045837
0 0.429956 0.765215 0.026261 0.047534
0 0.459798 0.787285 0.023873 0.044139
0 0.342341 0.543248 0.022918 0.041592
0 0.285285 0.536457 0.023396 0.043290
0 0.373615 0.462185 0.023396 0.040744
0 0.356665 0.430778 0.023873 0.039046
0 0.348071 0.390459 0.022918 0.039895
0 0.368602 0.242764 0.021008 0.039895
0 0.483671 0.270775 0.021963 0.043290
0 0.477225 0.110347 0.018621 0.034802
0 0.546696 0.120957 0.019099 0.035651
0 0.575105 0.112469 0.018621 0.033953
0 0.561259 0.195230 0.021486 0.036499
0 0.475554 0.354809 0.021963 0.039895
0 0.509931 0.331890 0.022918 0.038197
0 0.472928 0.420592 0.021486 0.040744
0 0.487968 0.448604 0.022918 0.039046
0 0.562214 0.376878 0.023396 0.039895
0 0.564840 0.319158 0.022918 0.039895
0 0.603753 0.285629 0.022441 0.040744
0 0.471018 0.533486 0.023396 0.040744
0 0.467914 0.570410 0.023873 0.039895
0 0.444757 0.578474 0.024351 0.042441
0 0.447145 0.617944 0.024351 0.041592
0 0.500859 0.602665 0.023873 0.044988
0 0.538102 0.591631 0.023873 0.046685
0 0.544786 0.671420 0.024828 0.046685
0 0.576060 0.647229 0.024351 0.045837
0 0.589190 0.700705 0.024828 0.044139
0 0.544070 0.524998 0.023396 0.042441
0 0.574150 0.516510 0.024351 0.042441
0 0.651499 0.282234 0.022441 0.037348
0 0.663436 0.257194 0.021486 0.039895
0 0.679908 0.380273 0.023873 0.039895
0 0.705453 0.379849 0.022441 0.040744
0 0.724790 0.358204 0.021963 0.041592
0 0.763464 0.614549 0.023873 0.044988
0 0.957553 0.355657 0.023396 0.039895