0 0.078600 0.686444 0.030188 0.043729
0 0.313674 0.847943 0.026275 0.046710
0 0.404797 0.832041 0.025157 0.046710
0 0.490049 0.837011 0.025716 0.048698
0 0.251062 0.747565 0.025157 0.044723
0 0.252460 0.687438 0.023479 0.045717
0 0.291313 0.628305 0.024038 0.040747
0 0.270349 0.599980 0.025716 0.043729
0 0.239881 0.606937 0.025157 0.041741
0 0.175593 0.626814 0.026275 0.041741
0 0.204662 0.575631 0.026275 0.042735
0 0.213048 0.497615 0.025157 0.041741
0 0.225067 0.463824 0.024597 0.041741
0 0.174475 0.444941 0.024038 0.041741
0 0.280970 0.401709 0.023479 0.044723
0 0.370975 0.492646 0.024597 0.045717
0 0.394734 0.503578 0.022920 0.045717
0 0.348893 0.391274 0.024038 0.039754
0 0.364826 0.368913 0.024597 0.042735
0 0.193202 0.190817 0.023479 0.040747
0 0.238484 0.324488 0.022361 0.039754
0 0.232335 0.279269 0.021243 0.038760
0 0.251762 0.288871 0.021535 0.039154
0 0.249804 0.253633 0.021535 0.038284
0 0.271339 0.277125 0.022514 0.040024
0 0.358457 0.250152 0.021535 0.038284
0 0.381460 0.270687 0.021535 0.038980
0 0.491875 0.219438 0.022514 0.039154
0 0.550607 0.137649 0.022514 0.039154
0 0.549139 0.168102 0.021535 0.035674
0 0.564066 0.186374 0.021045 0.039154
0 0.581686 0.282955 0.022024 0.042635
0 0.621574 0.219438 0.022514 0.039154
0 0.474745 0.420865 0.022514 0.038284
0 0.489918 0.450013 0.022514 0.039154
0 0.472298 0.533107 0.024471 0.038284
0 0.441954 0.541808 0.024471 0.040024
0 0.447582 0.580092 0.024961 0.038284
0 0.448806 0.618376 0.023493 0.038284
0 0.478416 0.570521 0.023982 0.038284
0 0.497749 0.614026 0.024471 0.045245
0 0.530051 0.684069 0.025450 0.047855
0 0.572386 0.610111 0.024961 0.046115
0 0.577281 0.650135 0.025940 0.044375
0 0.574099 0.702776 0.025450 0.046985
0 0.739771 0.539198 0.023982 0.043505
0 0.580951 0.453928 0.022514 0.043505
0 0.561374 0.416949 0.023493 0.039154
0 0.556969 0.381276 0.022514 0.042635
0 0.590985 0.363874 0.023003 0.040894
0 0.634544 0.359523 0.022024 0.042635
0 0.675656 0.329505 0.023003 0.041765
0 0.713831 0.352997 0.022024 0.041765
0 0.654121 0.424780 0.023982 0.042635
0 0.654610 0.463500 0.024961 0.038284
0 0.702574 0.450883 0.023003 0.040894