0 0.077787 0.696649 0.027507 0.039282
0 0.220509 0.748357 0.024351 0.046497
0 0.312725 0.857784 0.025703 0.047298
0 0.274621 0.721501 0.024351 0.044092
0 0.286120 0.684624 0.026605 0.040885
0 0.309794 0.680616 0.022547 0.044092
0 0.316333 0.620491 0.024802 0.042488
0 0.393669 0.699856 0.024351 0.044092
0 0.487013 0.765192 0.024351 0.046497
0 0.533234 0.843755 0.025703 0.046497
0 0.433126 0.623697 0.022998 0.045695
0 0.454320 0.640131 0.022096 0.040083
0 0.482729 0.597643 0.022998 0.041687
0 0.503247 0.586420 0.025253 0.043290
0 0.561192 0.736732 0.023900 0.045695
0 0.574495 0.660574 0.024351 0.044092
0 0.459957 0.559163 0.022547 0.038480
0 0.426362 0.547138 0.023900 0.043290
0 0.365936 0.567581 0.022998 0.042488
0 0.234939 0.580006 0.025253 0.043290
0 0.176768 0.560366 0.023449 0.040885
0 0.250496 0.529501 0.023900 0.040083
0 0.212617 0.487815 0.022998 0.041687
0 0.229076 0.450537 0.022547 0.036075
0 0.229527 0.348725 0.022547 0.040885
0 0.287473 0.341911 0.022096 0.043290
0 0.241477 0.297018 0.020292 0.036877
0 0.262671 0.289402 0.020292 0.037678
0 0.250045 0.265352 0.022998 0.037678
0 0.244183 0.191198 0.022096 0.038480
0 0.327832 0.272567 0.022547 0.039282
0 0.365260 0.218054 0.020743 0.037678
0 0.362103 0.361552 0.020743 0.036075
0 0.382846 0.353535 0.022547 0.039282
0 0.389610 0.418070 0.023449 0.043290
0 0.376308 0.458955 0.023900 0.041687
0 0.482504 0.422479 0.024351 0.039282
0 0.486788 0.458153 0.022096 0.038480
0 0.553977 0.491422 0.022096 0.042488
0 0.583739 0.436107 0.022096 0.037678
0 0.570887 0.408450 0.022547 0.038480
0 0.574946 0.375180 0.021645 0.040885
0 0.595464 0.361151 0.022998 0.038480
0 0.538194 0.278579 0.022096 0.038480
0 0.541802 0.196409 0.019390 0.037678
0 0.571789 0.235690 0.022547 0.040885
0 0.578553 0.167148 0.020743 0.038480
0 0.615981 0.290204 0.020743 0.037678
0 0.626578 0.323473 0.020292 0.035273
0 0.687004 0.302629 0.022096 0.038480
0 0.661751 0.378788 0.023900 0.041687
0 0.711806 0.359548 0.022096 0.040083
0 0.633342 0.485009 0.022998 0.042488
0 0.621618 0.681017 0.023900 0.046497
0 0.688131 0.559564 0.024351 0.042488
0 0.686553 0.517877 0.023900 0.042488
0 0.853175 0.494629 0.024351 0.042488