0 0.072608 0.682282 0.026924 0.042373
0 0.186264 0.752511 0.025600 0.047866
0 0.307645 0.845104 0.024718 0.046296
0 0.254679 0.623823 0.023835 0.040019
0 0.190899 0.618330 0.024276 0.041588
0 0.248058 0.586943 0.024718 0.038449
0 0.152498 0.503766 0.021628 0.041588
0 0.273879 0.509259 0.023393 0.041588
0 0.262624 0.459432 0.022069 0.040804
0 0.283810 0.446092 0.022069 0.039234
0 0.297052 0.389203 0.022069 0.041588
0 0.182733 0.438245 0.021186 0.040804
0 0.203257 0.425691 0.021628 0.039234
0 0.214071 0.392341 0.022952 0.038449
0 0.192002 0.335060 0.022069 0.036880
0 0.218264 0.335844 0.020745 0.036880
0 0.222016 0.301318 0.022069 0.035311
0 0.203699 0.263261 0.020745 0.036095
0 0.141464 0.135750 0.019862 0.033741
0 0.269465 0.251099 0.021628 0.038449
0 0.326845 0.168315 0.020745 0.034526
0 0.364142 0.264046 0.020304 0.040804
0 0.384225 0.280132 0.019862 0.038449
0 0.448888 0.108679 0.019421 0.036095
0 0.380252 0.448446 0.021628 0.039234
0 0.386873 0.485719 0.023393 0.041588
0 0.411149 0.455116 0.021628 0.041588
0 0.470295 0.417059 0.021628 0.039234
0 0.484419 0.447269 0.020745 0.036880
0 0.440060 0.732502 0.025600 0.043942
0 0.486847 0.838041 0.025600 0.047866
0 0.443591 0.612837 0.023835 0.040019
0 0.440943 0.573603 0.022952 0.040019
0 0.463453 0.567718 0.022069 0.040804
0 0.467426 0.528484 0.023835 0.040804
0 0.496557 0.599890 0.022952 0.045512
0 0.533633 0.588512 0.022952 0.044727
0 0.539592 0.668158 0.024276 0.047081
0 0.572255 0.643832 0.024276 0.043942
0 0.584834 0.698760 0.024718 0.045512
0 0.565634 0.457470 0.021628 0.044727
0 0.557027 0.379002 0.022069 0.041588
0 0.576006 0.365662 0.021186 0.041588
0 0.593882 0.257376 0.020745 0.036880
0 0.599179 0.218927 0.020745 0.040019
0 0.614186 0.176946 0.020745 0.042373
0 0.584834 0.112602 0.019421 0.036095
0 0.609331 0.103970 0.020745 0.037665
0 0.597855 0.362131 0.019862 0.039234
0 0.614627 0.348792 0.020745 0.039234
0 0.665166 0.286409 0.022069 0.038449
0 0.698490 0.268362 0.019862 0.038449
0 0.705773 0.349969 0.022069 0.040019
0 0.722105 0.374686 0.017655 0.037665
0 0.692311 0.393126 0.022511 0.041588
0 0.958466 0.394696 0.023393 0.038449
0 0.690766 0.514752 0.023835 0.040019