0 0.080647 0.682418 0.028288 0.042699
0 0.315756 0.846095 0.026687 0.047443
0 0.397150 0.779201 0.026153 0.044596
0 0.509767 0.708511 0.025085 0.045545
0 0.274125 0.714204 0.028822 0.045545
0 0.247438 0.709935 0.026687 0.046494
0 0.245837 0.661068 0.025619 0.045545
0 0.280263 0.636873 0.026153 0.048392
0 0.306149 0.620268 0.025619 0.045545
0 0.194865 0.565708 0.026153 0.044596
0 0.224754 0.550527 0.025085 0.040801
0 0.229825 0.512098 0.025619 0.041750
0 0.220485 0.483158 0.022950 0.044596
0 0.198335 0.457064 0.023484 0.041750
0 0.384340 0.520163 0.024018 0.040801
0 0.375534 0.481735 0.023484 0.043647
0 0.366460 0.398710 0.022417 0.042699
0 0.373933 0.367397 0.026687 0.040801
0 0.268254 0.383528 0.023484 0.040801
0 0.261849 0.336559 0.023484 0.039852
0 0.243702 0.283423 0.021349 0.041750
0 0.249573 0.249739 0.020282 0.037005
0 0.263183 0.274409 0.020816 0.038903
0 0.282664 0.263972 0.021349 0.038903
0 0.222086 0.176677 0.021883 0.040801
0 0.375000 0.291963 0.022417 0.039852
0 0.382739 0.238353 0.022950 0.040801
0 0.509234 0.228390 0.020816 0.037954
0 0.477743 0.418161 0.022950 0.037954
0 0.492154 0.448999 0.020816 0.037005
0 0.474808 0.532498 0.023484 0.040801
0 0.443585 0.537717 0.027220 0.041750
0 0.448388 0.575671 0.024018 0.039852
0 0.461198 0.608407 0.024018 0.040801
0 0.496691 0.577569 0.024552 0.043647
0 0.492154 0.617421 0.024018 0.041750
0 0.519481 0.864693 0.027220 0.047443
0 0.568051 0.715248 0.025085 0.046494
0 0.578725 0.648354 0.027220 0.047443
0 0.599541 0.634121 0.026153 0.049341
0 0.884287 0.505551 0.026687 0.042699
0 0.730839 0.576241 0.027220 0.043647
0 0.577391 0.464750 0.022417 0.044596
0 0.649178 0.462852 0.022950 0.044596
0 0.671862 0.460480 0.022417 0.043647
0 0.684938 0.411140 0.024018 0.045545
0 0.718296 0.352310 0.023484 0.043647
0 0.566450 0.392637 0.022950 0.042699
0 0.569385 0.358004 0.023484 0.043647
0 0.590468 0.394060 0.022950 0.041750
0 0.615553 0.376032 0.021883 0.041750
0 0.675865 0.313407 0.022950 0.043647
0 0.634500 0.264067 0.021349 0.039852
0 0.598207 0.256950 0.021349 0.040801
0 0.563514 0.197647 0.022417 0.037954
0 0.548836 0.160641 0.022950 0.036057
0 0.558977 0.138343 0.021883 0.037005