0 0.148014 0.127324 0.020053 0.031407
0 0.157211 0.282524 0.021360 0.038733
0 0.191174 0.243412 0.021787 0.037974
0 0.225778 0.233538 0.021787 0.039493
0 0.352444 0.141262 0.020506 0.037214
0 0.462662 0.107845 0.019651 0.035695
0 0.537423 0.105567 0.019651 0.035695
0 0.373163 0.266576 0.020933 0.041771
0 0.426777 0.265057 0.021360 0.040252
0 0.252905 0.329612 0.023069 0.038733
0 0.229836 0.355434 0.023069 0.040252
0 0.203136 0.384674 0.022642 0.036455
0 0.209757 0.413914 0.023069 0.037214
0 0.261022 0.382775 0.021360 0.038733
0 0.293917 0.426065 0.021360 0.040252
0 0.321471 0.383155 0.023496 0.039493
0 0.331083 0.505051 0.023069 0.040252
0 0.171736 0.487583 0.024778 0.040252
0 0.077965 0.683147 0.026914 0.039493
0 0.136492 0.745804 0.025205 0.044809
0 0.178785 0.564290 0.022642 0.041771
0 0.227059 0.596947 0.024351 0.043290
0 0.253759 0.608339 0.023923 0.043290
0 0.250555 0.647832 0.024351 0.038733
0 0.312927 0.843776 0.025205 0.046328
0 0.397514 0.731374 0.025205 0.043290
0 0.463517 0.806562 0.024778 0.047847
0 0.545326 0.667958 0.024351 0.045568
0 0.538705 0.588213 0.022215 0.044050
0 0.501752 0.599225 0.023496 0.043290
0 0.448565 0.613276 0.023069 0.041012
0 0.444720 0.574542 0.023069 0.039493
0 0.468857 0.565808 0.023496 0.041771
0 0.472915 0.530113 0.023069 0.037214
0 0.391533 0.473912 0.022642 0.038733
0 0.377649 0.439356 0.022215 0.041012
0 0.410116 0.405559 0.022215 0.041771
0 0.489149 0.446951 0.020506 0.039493
0 0.474838 0.417331 0.021787 0.039493
0 0.552162 0.318600 0.021787 0.039493
0 0.589756 0.698337 0.024351 0.045568
0 0.577580 0.642515 0.024778 0.046328
0 0.565191 0.479228 0.021360 0.043290
0 0.567327 0.430622 0.023069 0.040252
0 0.734792 0.546822 0.023923 0.043290
0 0.962064 0.374801 0.025632 0.039493
0 0.733724 0.411255 0.023496 0.041012
0 0.723471 0.374041 0.021787 0.039493
0 0.706596 0.354675 0.022215 0.041771
0 0.653409 0.335688 0.022642 0.040252
0 0.680964 0.275309 0.022215 0.039493
0 0.643156 0.274930 0.021787 0.037214
0 0.579930 0.331131 0.021787 0.038733
0 0.581852 0.292398 0.023069 0.040252
0 0.591251 0.235057 0.021360 0.041012
0 0.617310 0.243412 0.020506 0.041012
0 0.604281 0.103668 0.018370 0.034936