0 0.082737 0.674518 0.031306 0.043729
0 0.319208 0.834029 0.025716 0.048698
0 0.390485 0.741105 0.025157 0.045717
0 0.240664 0.712284 0.026275 0.043729
0 0.284548 0.678990 0.025716 0.042735
0 0.252404 0.665573 0.026275 0.045717
0 0.295170 0.628305 0.026834 0.042735
0 0.313059 0.602962 0.026834 0.045717
0 0.231440 0.543828 0.024597 0.042735
0 0.233676 0.504075 0.024597 0.038760
0 0.192028 0.532399 0.024038 0.041741
0 0.216346 0.489167 0.024597 0.040747
0 0.211594 0.443948 0.024038 0.041741
0 0.259392 0.367919 0.022361 0.042735
0 0.273368 0.334128 0.023479 0.040747
0 0.245695 0.272014 0.021802 0.039754
0 0.250447 0.237726 0.020125 0.036772
0 0.265541 0.260584 0.020125 0.040747
0 0.285107 0.248658 0.022361 0.038760
0 0.232279 0.157225 0.021802 0.036772
0 0.389088 0.203439 0.022361 0.043729
0 0.370360 0.299841 0.021802 0.041741
0 0.377068 0.352017 0.025157 0.040747
0 0.375671 0.385808 0.023479 0.038760
0 0.378186 0.447426 0.022920 0.042735
0 0.381541 0.513516 0.024038 0.043729
0 0.521299 0.223315 0.022920 0.041741
0 0.478533 0.399722 0.022361 0.034784
0 0.493068 0.431028 0.022361 0.041741
0 0.473781 0.519976 0.022920 0.042735
0 0.441078 0.518485 0.027952 0.043729
0 0.446668 0.566687 0.025716 0.042735
0 0.464278 0.593023 0.024038 0.045717
0 0.491111 0.596005 0.025157 0.045717
0 0.504808 0.563208 0.023479 0.043729
0 0.511796 0.713278 0.028511 0.049692
0 0.528902 0.838402 0.027393 0.046710
0 0.570271 0.699265 0.026275 0.046710
0 0.582010 0.631187 0.026275 0.047704
0 0.610521 0.627211 0.026275 0.047704
0 0.719812 0.540250 0.024597 0.046710
0 0.877739 0.485092 0.025157 0.045717
0 0.574184 0.446830 0.024038 0.042735
0 0.654126 0.440867 0.024038 0.044723
0 0.676487 0.445836 0.022920 0.044723
0 0.683754 0.376764 0.024038 0.047704
0 0.719253 0.330054 0.023479 0.043729
0 0.605210 0.376267 0.021243 0.040747
0 0.583967 0.378752 0.023479 0.043729
0 0.570830 0.353409 0.024038 0.042735
0 0.576420 0.321109 0.022920 0.039754
0 0.679841 0.281853 0.022920 0.042735
0 0.637914 0.266945 0.022920 0.040747
0 0.609403 0.231167 0.022920 0.038760
0 0.564680 0.190419 0.021802 0.040747
0 0.549586 0.139734 0.020684 0.036772
0 0.562724 0.120354 0.021243 0.037766