0 0.078183 0.686665 0.027539 0.043150
0 0.148198 0.630653 0.025672 0.043980
0 0.220780 0.750145 0.025205 0.043980
0 0.250420 0.735209 0.024739 0.042320
0 0.313200 0.846403 0.025205 0.045639
0 0.429658 0.873372 0.026606 0.048129
0 0.497573 0.784167 0.025205 0.047299
0 0.448329 0.615302 0.022872 0.041490
0 0.445062 0.575056 0.021938 0.039001
0 0.468132 0.569376 0.022335 0.035425
0 0.471955 0.531906 0.023447 0.037341
0 0.436660 0.536624 0.022872 0.037863
0 0.397492 0.494338 0.021895 0.042463
0 0.374204 0.498938 0.023885 0.043171
0 0.289809 0.626327 0.023885 0.043171
0 0.277070 0.578910 0.023885 0.043171
0 0.244427 0.552725 0.023885 0.041755
0 0.221139 0.573602 0.024283 0.043878
0 0.200040 0.471338 0.021895 0.036093
0 0.209594 0.437367 0.021895 0.038924
0 0.153662 0.423213 0.023089 0.037509
0 0.303145 0.415782 0.022691 0.038217
0 0.363256 0.372258 0.021099 0.037509
0 0.344347 0.358457 0.020701 0.039632
0 0.473726 0.419674 0.021497 0.037509
0 0.205613 0.315640 0.021895 0.037509
0 0.177747 0.190021 0.021895 0.038217
0 0.210788 0.261146 0.022691 0.037509
0 0.245820 0.287686 0.021895 0.041047
0 0.264331 0.271408 0.023089 0.039632
0 0.246616 0.255131 0.018710 0.032555
0 0.344347 0.256546 0.021497 0.039632
0 0.377588 0.241684 0.021895 0.039632
0 0.468949 0.177990 0.021497 0.038217
0 0.487460 0.448337 0.023487 0.038217
0 0.552150 0.399505 0.023885 0.041047
0 0.564889 0.429582 0.022293 0.040340
0 0.586584 0.433829 0.022691 0.040340
0 0.617635 0.401628 0.023487 0.043878
0 0.663018 0.459306 0.024283 0.043171
0 0.748607 0.492923 0.025876 0.042463
0 0.912420 0.485492 0.025478 0.041755
0 0.713177 0.423213 0.024283 0.041755
0 0.713575 0.348195 0.022691 0.043171
0 0.688097 0.332626 0.022691 0.041755
0 0.634355 0.323425 0.023487 0.041755
0 0.576035 0.326964 0.023885 0.040340
0 0.582205 0.294763 0.021895 0.041047
0 0.627787 0.183652 0.021497 0.038217
0 0.572054 0.171621 0.020701 0.038217
0 0.552946 0.168082 0.020701 0.038217
0 0.541600 0.140481 0.021099 0.041047
0 0.500796 0.600849 0.023089 0.043171
0 0.545780 0.623850 0.024682 0.046709
0 0.538217 0.677636 0.025478 0.046709
0 0.578025 0.698868 0.024682 0.046709
0 0.576632 0.644728 0.025080 0.044586