0 0.068443 0.676226 0.027830 0.042767
0 0.192500 0.742893 0.025000 0.048637
0 0.303113 0.836813 0.025472 0.046960
0 0.445330 0.705996 0.025000 0.046960
0 0.189670 0.637233 0.025943 0.043606
0 0.252642 0.614591 0.024528 0.040252
0 0.245802 0.576017 0.025943 0.040252
0 0.144858 0.506834 0.024057 0.041090
0 0.439198 0.606625 0.024057 0.041090
0 0.435896 0.568050 0.024057 0.041090
0 0.269858 0.481677 0.022170 0.039413
0 0.250047 0.466583 0.022170 0.041090
0 0.289198 0.459874 0.023113 0.041090
0 0.381887 0.480000 0.022642 0.039413
0 0.376462 0.442264 0.023113 0.037736
0 0.403821 0.456101 0.021226 0.040252
0 0.198160 0.428847 0.023113 0.039413
0 0.176934 0.422138 0.022170 0.041090
0 0.220566 0.395723 0.021698 0.040252
0 0.297217 0.387338 0.023113 0.041929
0 0.185660 0.348763 0.022642 0.040252
0 0.196981 0.273291 0.021698 0.036897
0 0.230236 0.329476 0.023113 0.040252
0 0.236840 0.296352 0.023113 0.036059
0 0.263491 0.262809 0.022642 0.037736
0 0.368915 0.286709 0.021226 0.036897
0 0.355472 0.241845 0.022642 0.041090
0 0.322453 0.172243 0.020755 0.037736
0 0.443915 0.100964 0.019340 0.037736
0 0.464575 0.408889 0.021226 0.037736
0 0.479434 0.437820 0.022642 0.038574
0 0.462689 0.522096 0.023113 0.041090
0 0.458915 0.559832 0.023113 0.041090
0 0.490991 0.591698 0.024057 0.044444
0 0.528962 0.580797 0.023585 0.044444
0 0.536038 0.660461 0.026415 0.046122
0 0.568113 0.636562 0.024528 0.045283
0 0.580849 0.689392 0.026415 0.045283
0 0.490047 0.832369 0.025943 0.047799
0 0.561509 0.446205 0.022642 0.045283
0 0.680613 0.497778 0.024057 0.044444
0 0.556321 0.374088 0.022642 0.041929
0 0.571179 0.351866 0.022170 0.037736
0 0.591934 0.361090 0.022170 0.041090
0 0.603019 0.334256 0.023585 0.041090
0 0.580142 0.260881 0.022170 0.038574
0 0.689104 0.374088 0.024057 0.040252
0 0.718821 0.368637 0.022170 0.036059
0 0.704906 0.341384 0.022642 0.040252
0 0.670708 0.284361 0.021226 0.038574
0 0.696651 0.279329 0.022170 0.038574
0 0.593821 0.203019 0.021226 0.041929
0 0.604906 0.158155 0.020755 0.037736
0 0.581792 0.122935 0.020755 0.042767
0 0.605613 0.095681 0.020283 0.038574
0 0.945755 0.396981 0.022642 0.039413
0 0.135088 0.139147 0.022032 0.036075