0 0.077870 0.686910 0.028084 0.039942
0 0.158548 0.626997 0.026042 0.043573
0 0.207567 0.586147 0.025020 0.041757
0 0.238205 0.582062 0.023999 0.042665
0 0.236928 0.745915 0.026552 0.045389
0 0.256587 0.705065 0.026042 0.043573
0 0.314032 0.845316 0.025531 0.046296
0 0.410284 0.865287 0.025020 0.044481
0 0.289777 0.625182 0.023999 0.041757
0 0.276757 0.582516 0.024510 0.043573
0 0.203482 0.471768 0.023999 0.039942
0 0.218290 0.441358 0.022978 0.039034
0 0.160846 0.435458 0.022467 0.041757
0 0.291565 0.418664 0.023489 0.044481
0 0.343393 0.373729 0.021957 0.039942
0 0.364583 0.365559 0.023489 0.039942
0 0.371987 0.492647 0.023999 0.043573
0 0.396752 0.494463 0.023489 0.043573
0 0.184845 0.193537 0.022467 0.039034
0 0.222631 0.307916 0.021446 0.039034
0 0.223141 0.264797 0.022467 0.041757
0 0.248162 0.254811 0.021446 0.036311
0 0.246630 0.287491 0.021446 0.036311
0 0.266544 0.270243 0.022467 0.038126
0 0.352839 0.251180 0.021446 0.038126
0 0.386029 0.251634 0.021446 0.039034
0 0.477431 0.198529 0.021446 0.039942
0 0.488051 0.810185 0.025531 0.049020
0 0.448223 0.613199 0.024510 0.041757
0 0.446691 0.574619 0.023489 0.042665
0 0.439542 0.535585 0.024510 0.040850
0 0.471712 0.529684 0.023489 0.039942
0 0.469669 0.567810 0.023489 0.043573
0 0.473499 0.416667 0.022978 0.039034
0 0.488307 0.443900 0.023999 0.039034
0 0.500051 0.602760 0.026042 0.046296
0 0.536560 0.676743 0.026552 0.047204
0 0.556219 0.614561 0.026042 0.046296
0 0.576389 0.643155 0.026552 0.045389
0 0.573836 0.698983 0.025531 0.044481
0 0.581240 0.438453 0.021957 0.040850
0 0.561070 0.420298 0.022467 0.046296
0 0.551368 0.388072 0.022467 0.039942
0 0.582261 0.343137 0.022978 0.040850
0 0.634344 0.409405 0.023999 0.044481
0 0.658344 0.455701 0.023999 0.044481
0 0.711703 0.430283 0.024510 0.044481
0 0.748468 0.515614 0.025531 0.048112
0 0.544730 0.133896 0.021446 0.039942
0 0.550092 0.164306 0.020935 0.039034
0 0.567198 0.177923 0.020425 0.039034
0 0.628217 0.201071 0.020935 0.039942
0 0.580984 0.283678 0.021446 0.043573
0 0.629493 0.332244 0.022467 0.040850
0 0.677492 0.331336 0.023489 0.042665
0 0.712980 0.346314 0.022978 0.045389
0 0.909109 0.508442 0.024510 0.041757