0 0.070715 0.682516 0.027539 0.043150
0 0.136296 0.580035 0.024272 0.040661
0 0.208878 0.689569 0.023805 0.043980
0 0.238518 0.795370 0.026139 0.044810
0 0.305732 0.841009 0.024272 0.046469
0 0.454630 0.809061 0.025205 0.045639
0 0.507375 0.806157 0.024272 0.044810
0 0.537715 0.662601 0.025205 0.044810
0 0.581824 0.691644 0.024739 0.046469
0 0.569688 0.637706 0.023805 0.046469
0 0.530947 0.583769 0.022872 0.044810
0 0.494072 0.594971 0.023805 0.043980
0 0.439694 0.609078 0.023338 0.040661
0 0.272825 0.614472 0.025672 0.044810
0 0.232683 0.567173 0.023805 0.046469
0 0.253454 0.531491 0.024272 0.041490
0 0.251587 0.493735 0.024272 0.042320
0 0.281693 0.458053 0.023805 0.042320
0 0.376447 0.497469 0.024739 0.039831
0 0.389516 0.465522 0.023805 0.042320
0 0.412155 0.509916 0.024272 0.041490
0 0.437360 0.569662 0.023338 0.039831
0 0.460932 0.560949 0.022872 0.037341
0 0.464666 0.524023 0.022872 0.036511
0 0.196275 0.468011 0.022872 0.039001
0 0.198142 0.433574 0.022872 0.039831
0 0.157534 0.392084 0.022872 0.041490
0 0.170370 0.333582 0.023338 0.040661
0 0.180405 0.270517 0.023805 0.042320
0 0.161268 0.173430 0.021004 0.035682
0 0.238984 0.257655 0.021471 0.039831
0 0.242718 0.297071 0.021471 0.037341
0 0.257188 0.270102 0.020538 0.033192
0 0.311800 0.226537 0.020538 0.034022
0 0.364544 0.236080 0.021471 0.039831
0 0.352409 0.325284 0.020538 0.042320
0 0.332104 0.383371 0.021938 0.040661
0 0.480769 0.443117 0.021471 0.039001
0 0.466766 0.414074 0.020538 0.037341
0 0.446229 0.137333 0.019604 0.036511
0 0.547750 0.165961 0.021938 0.037341
0 0.570388 0.158908 0.021471 0.038171
0 0.586025 0.173844 0.020071 0.039831
0 0.615665 0.125716 0.020538 0.034852
0 0.568521 0.301635 0.022405 0.043150
0 0.588826 0.316156 0.021004 0.037341
0 0.595127 0.350593 0.022405 0.036511
0 0.562220 0.391254 0.022872 0.041490
0 0.585325 0.409510 0.022405 0.041490
0 0.562220 0.438553 0.023805 0.038171
0 0.672844 0.474235 0.023805 0.041490
0 0.660007 0.311177 0.023338 0.040661
0 0.688480 0.322795 0.022405 0.039001
0 0.705984 0.344785 0.020071 0.041490
0 0.713919 0.387520 0.021938 0.039001
0 0.734223 0.439798 0.022405 0.040661
0 0.915795 0.431914 0.023338 0.038171