0 0.074547 0.780740 0.026059 0.041771
0 0.075402 0.686945 0.026914 0.041012
0 0.148881 0.568467 0.025205 0.042531
0 0.227486 0.650870 0.025205 0.046328
0 0.253119 0.633781 0.025205 0.042531
0 0.274265 0.664160 0.024778 0.042531
0 0.312073 0.846814 0.025205 0.047847
0 0.428913 0.779980 0.025632 0.044809
0 0.443225 0.746184 0.025205 0.044050
0 0.139269 0.461381 0.023069 0.036455
0 0.191174 0.391129 0.020933 0.037214
0 0.276828 0.501253 0.022215 0.040252
0 0.342191 0.519101 0.023069 0.039493
0 0.376794 0.459102 0.023069 0.039493
0 0.361842 0.428344 0.023923 0.041771
0 0.368250 0.380497 0.023069 0.038733
0 0.300538 0.398724 0.021787 0.038733
0 0.246924 0.391129 0.022215 0.035695
0 0.258459 0.358852 0.022215 0.039493
0 0.236671 0.362269 0.022215 0.038733
0 0.185193 0.331890 0.022642 0.040252
0 0.154221 0.301891 0.023069 0.034936
0 0.145463 0.129111 0.021787 0.032657
0 0.234322 0.298094 0.020933 0.036455
0 0.226205 0.266576 0.021787 0.037214
0 0.319976 0.175059 0.019651 0.037974
0 0.377008 0.239994 0.020933 0.035695
0 0.472915 0.106706 0.019651 0.036455
0 0.470993 0.253664 0.021787 0.035695
0 0.500684 0.345181 0.021360 0.039493
0 0.533365 0.299992 0.020933 0.041771
0 0.542336 0.161388 0.020079 0.036455
0 0.473342 0.416951 0.020506 0.035695
0 0.487227 0.444672 0.021787 0.036455
0 0.470779 0.529733 0.023069 0.041012
0 0.467148 0.566948 0.022642 0.036455
0 0.444720 0.576441 0.023923 0.043290
0 0.447283 0.615174 0.023069 0.038733
0 0.569891 0.216450 0.020506 0.037214
0 0.569036 0.283664 0.023923 0.039493
0 0.608553 0.256323 0.020933 0.039493
0 0.663876 0.287461 0.020506 0.036455
0 0.677119 0.244551 0.021360 0.040252
0 0.697411 0.356953 0.021787 0.040252
0 0.718344 0.358472 0.020079 0.038733
0 0.739491 0.353915 0.019651 0.040252
0 0.959287 0.361130 0.023496 0.041012
0 0.756365 0.591251 0.024351 0.042531
0 0.550239 0.368725 0.022215 0.039493
0 0.548317 0.488722 0.022642 0.042531
0 0.569891 0.504671 0.023069 0.041012
0 0.590396 0.104048 0.019651 0.035695
0 0.500684 0.599985 0.023923 0.044809
0 0.537850 0.588593 0.024778 0.043290
0 0.544686 0.667958 0.024778 0.047087
0 0.576726 0.643275 0.023923 0.043290
0 0.589328 0.697957 0.026059 0.044809