0 0.090957 0.689245 0.025306 0.041592
0 0.178333 0.558951 0.023396 0.044139
0 0.239209 0.583991 0.023873 0.044988
0 0.233718 0.750785 0.025306 0.047534
0 0.314171 0.856464 0.025783 0.044988
0 0.282420 0.710042 0.025306 0.040744
0 0.293640 0.674815 0.024828 0.041592
0 0.317275 0.673542 0.022441 0.044139
0 0.319901 0.615822 0.023873 0.042441
0 0.365260 0.569561 0.022918 0.043290
0 0.263321 0.522876 0.022441 0.039895
0 0.222498 0.479161 0.022918 0.040744
0 0.238254 0.447755 0.022918 0.039046
0 0.227989 0.353960 0.023396 0.041592
0 0.243745 0.296240 0.021486 0.038197
0 0.264276 0.290722 0.021486 0.035651
0 0.251146 0.264409 0.021008 0.037348
0 0.251623 0.191834 0.021008 0.036499
0 0.290775 0.324675 0.021008 0.042441
0 0.338044 0.280112 0.021008 0.038197
0 0.362395 0.221543 0.021963 0.038197
0 0.383165 0.349291 0.022441 0.040744
0 0.363111 0.362448 0.021486 0.034802
0 0.397011 0.413802 0.023396 0.040744
0 0.382687 0.451999 0.024351 0.040744
0 0.406322 0.688821 0.024828 0.044139
0 0.484864 0.762669 0.024351 0.044139
0 0.537147 0.834394 0.024828 0.044988
0 0.562452 0.736355 0.024828 0.044139
0 0.574389 0.659112 0.023873 0.045837
0 0.457410 0.645107 0.022918 0.043290
0 0.431150 0.625584 0.024828 0.046685
0 0.424227 0.544945 0.025306 0.043290
0 0.458126 0.569137 0.023396 0.042441
0 0.482716 0.590357 0.022918 0.044139
0 0.504679 0.581869 0.023873 0.042441
0 0.485103 0.450301 0.021963 0.039046
0 0.488684 0.414226 0.023396 0.036499
0 0.553619 0.492743 0.023396 0.044139
0 0.583461 0.433325 0.022918 0.037348
0 0.570569 0.405738 0.022918 0.036499
0 0.579402 0.374332 0.022441 0.036499
0 0.604947 0.364146 0.021008 0.041592
0 0.621180 0.325949 0.022918 0.038197
0 0.615928 0.289874 0.021963 0.033953
0 0.547412 0.283083 0.020531 0.039046
0 0.577254 0.234276 0.021008 0.038197
0 0.542638 0.204142 0.021486 0.035651
0 0.585609 0.170189 0.020531 0.037348
0 0.688503 0.300484 0.022918 0.039895
0 0.661287 0.370512 0.022918 0.039046
0 0.713331 0.357779 0.023873 0.040744
0 0.630491 0.481708 0.025306 0.044139
0 0.685877 0.524998 0.022441 0.040744
0 0.683012 0.562771 0.024351 0.039895
0 0.846543 0.487650 0.024828 0.042441
0 0.630013 0.687548 0.026261 0.046685