0 0.074216 0.770475 0.026139 0.043150
0 0.077950 0.687080 0.026139 0.043980
0 0.151232 0.572152 0.024272 0.043150
0 0.142364 0.467181 0.024272 0.039001
0 0.228715 0.652643 0.024272 0.046469
0 0.252054 0.632313 0.023338 0.039001
0 0.274459 0.657207 0.023338 0.042320
0 0.313200 0.847233 0.025205 0.045639
0 0.432692 0.784582 0.024272 0.044810
0 0.437827 0.743922 0.025205 0.043150
0 0.345640 0.513235 0.023805 0.043150
0 0.278659 0.494980 0.024272 0.039831
0 0.313200 0.416148 0.023338 0.043150
0 0.365011 0.428595 0.023338 0.043150
0 0.380414 0.458883 0.023338 0.040661
0 0.188807 0.385030 0.022872 0.042320
0 0.248086 0.391254 0.022872 0.038171
0 0.257188 0.358476 0.024272 0.037341
0 0.235250 0.366775 0.023338 0.040661
0 0.244119 0.302879 0.022405 0.039001
0 0.179472 0.326944 0.021938 0.037341
0 0.220080 0.270102 0.022872 0.038171
0 0.156133 0.296241 0.022872 0.037341
0 0.146565 0.127790 0.021471 0.034022
0 0.324869 0.179653 0.020538 0.034852
0 0.382748 0.244793 0.021471 0.039001
0 0.374580 0.375902 0.021938 0.040661
0 0.464432 0.253506 0.022405 0.039831
0 0.472601 0.106630 0.021004 0.038171
0 0.538181 0.165961 0.022405 0.037341
0 0.534914 0.288358 0.021471 0.039831
0 0.501540 0.335242 0.022872 0.039001
0 0.475168 0.417808 0.021471 0.036511
0 0.488237 0.444361 0.022405 0.041490
0 0.551951 0.366360 0.021938 0.041490
0 0.574823 0.275496 0.022872 0.039001
0 0.447862 0.616131 0.023805 0.039831
0 0.444828 0.575886 0.023338 0.042320
0 0.468633 0.568832 0.024272 0.038171
0 0.471667 0.530246 0.024739 0.040661
0 0.501774 0.599535 0.023338 0.046469
0 0.538648 0.589163 0.023338 0.042320
0 0.568055 0.501618 0.022405 0.041490
0 0.548217 0.483777 0.022872 0.042320
0 0.546350 0.667994 0.025672 0.047299
0 0.577390 0.644760 0.024272 0.045639
0 0.590459 0.698282 0.024272 0.044810
0 0.753827 0.588333 0.024272 0.043980
0 0.961072 0.363870 0.024272 0.043150
0 0.741458 0.358062 0.021938 0.041490
0 0.720454 0.360136 0.021004 0.039001
0 0.700149 0.354742 0.020538 0.041490
0 0.575756 0.221973 0.021004 0.039831
0 0.614031 0.248112 0.021938 0.039001
0 0.667476 0.297901 0.021471 0.037341
0 0.683579 0.243963 0.021004 0.037341
0 0.591860 0.104141 0.019604 0.034852