0 0.070186 0.676725 0.029355 0.046494
0 0.207622 0.664864 0.026687 0.045545
0 0.222566 0.765917 0.028822 0.048392
0 0.305828 0.836607 0.027754 0.049341
0 0.459810 0.751210 0.026153 0.047443
0 0.441396 0.605086 0.024552 0.039852
0 0.267400 0.606509 0.024552 0.044596
0 0.243115 0.560015 0.024018 0.040801
0 0.145442 0.543885 0.025085 0.044596
0 0.436860 0.563811 0.024018 0.040801
0 0.460344 0.558117 0.024018 0.042699
0 0.464347 0.518740 0.023484 0.037954
0 0.378950 0.492172 0.023484 0.041750
0 0.385888 0.452794 0.024552 0.038903
0 0.408038 0.490749 0.022950 0.042699
0 0.245250 0.500237 0.025085 0.040801
0 0.262863 0.473195 0.021883 0.045545
0 0.286080 0.476041 0.023484 0.043647
0 0.197481 0.457064 0.023484 0.043647
0 0.209223 0.425278 0.023484 0.038903
0 0.319705 0.385426 0.023484 0.040801
0 0.175064 0.390170 0.024552 0.038903
0 0.163055 0.357434 0.025085 0.041750
0 0.358134 0.303824 0.023484 0.038903
0 0.362671 0.230762 0.021883 0.040801
0 0.312767 0.197552 0.022417 0.038903
0 0.246584 0.299554 0.023484 0.039852
0 0.258326 0.272986 0.021349 0.037954
0 0.240713 0.258753 0.022417 0.037954
0 0.187874 0.287219 0.022417 0.041750
0 0.149979 0.152481 0.022417 0.037954
0 0.443531 0.113388 0.020282 0.035677
0 0.610376 0.096594 0.020282 0.037005
0 0.564475 0.143562 0.021349 0.039852
0 0.584223 0.151627 0.020282 0.037005
0 0.594097 0.181516 0.021883 0.036057
0 0.580487 0.285891 0.023484 0.041750
0 0.595164 0.320049 0.021883 0.039852
0 0.581608 0.352975 0.023377 0.035108
0 0.569278 0.381251 0.023484 0.040801
0 0.591161 0.388841 0.022417 0.038903
0 0.564475 0.438656 0.023484 0.043647
0 0.671221 0.314831 0.023484 0.040801
0 0.697374 0.309137 0.022417 0.038903
0 0.707782 0.338078 0.021883 0.034159
0 0.705380 0.372236 0.022417 0.041750
0 0.730999 0.404972 0.023484 0.040801
0 0.673623 0.482399 0.025085 0.043458
0 0.502028 0.818199 0.027754 0.047443
0 0.494289 0.590473 0.024018 0.045545
0 0.530583 0.578613 0.025085 0.044596
0 0.537521 0.657842 0.025085 0.047443
0 0.569545 0.632223 0.025085 0.045545
0 0.582088 0.688206 0.025619 0.047443
0 0.925117 0.409432 0.024018 0.041750
0 0.466588 0.408605 0.021900 0.037936
0 0.480907 0.437060 0.022462 0.038927