0 0.078883 0.683346 0.025205 0.039831
0 0.167102 0.753464 0.024272 0.045639
0 0.313667 0.844743 0.025205 0.045639
0 0.426858 0.770475 0.024739 0.044810
0 0.479369 0.833956 0.026139 0.048959
0 0.256721 0.635217 0.023338 0.041490
0 0.251587 0.599120 0.025205 0.042320
0 0.211912 0.604514 0.024272 0.043150
0 0.309466 0.522778 0.023338 0.042320
0 0.173404 0.522778 0.023805 0.042320
0 0.181572 0.466351 0.024272 0.040661
0 0.200243 0.416978 0.022405 0.039831
0 0.204910 0.382541 0.023338 0.035682
0 0.276092 0.441872 0.022872 0.039831
0 0.291496 0.417393 0.021004 0.037341
0 0.280993 0.390424 0.023338 0.039831
0 0.234317 0.324454 0.022405 0.039001
0 0.214012 0.314497 0.019137 0.040661
0 0.188807 0.307858 0.021938 0.037341
0 0.202577 0.238155 0.021471 0.039001
0 0.253687 0.221143 0.022872 0.036511
0 0.330704 0.142727 0.020071 0.034022
0 0.371313 0.265123 0.021004 0.039831
0 0.407720 0.266783 0.021938 0.041490
0 0.456964 0.106215 0.020538 0.039001
0 0.569221 0.104971 0.020071 0.036511
0 0.379481 0.444361 0.023338 0.041490
0 0.391617 0.477139 0.021471 0.042320
0 0.413088 0.434404 0.022405 0.038171
0 0.475168 0.415733 0.022405 0.039001
0 0.488938 0.444361 0.021938 0.041490
0 0.472367 0.529832 0.021471 0.036511
0 0.468167 0.568003 0.023338 0.039831
0 0.445995 0.576716 0.022872 0.042320
0 0.449496 0.614057 0.024272 0.037341
0 0.502007 0.599120 0.022872 0.045639
0 0.538882 0.587503 0.022872 0.043980
0 0.546350 0.667579 0.024739 0.046469
0 0.577857 0.644345 0.025205 0.044810
0 0.590926 0.697038 0.024272 0.045639
0 0.568055 0.468011 0.022405 0.043980
0 0.583925 0.401626 0.022405 0.042320
0 0.561053 0.345614 0.021471 0.041490
0 0.597461 0.336902 0.020538 0.042320
0 0.608663 0.286283 0.020538 0.040661
0 0.599094 0.229027 0.021004 0.040661
0 0.617999 0.208281 0.020538 0.040661
0 0.612164 0.100822 0.020071 0.038171
0 0.635035 0.345200 0.021004 0.040661
0 0.652773 0.285868 0.021004 0.038171
0 0.677511 0.251846 0.021938 0.039831
0 0.708318 0.350178 0.023805 0.040661
0 0.724888 0.371338 0.020538 0.036511
0 0.717420 0.402456 0.022405 0.039001
0 0.711819 0.519459 0.023338 0.042320
0 0.962919 0.374801 0.023923 0.041012
0 0.148640 0.127165 0.021307 0.031566