0 0.147829 0.670423 0.025235 0.046948
0 0.183040 0.626082 0.024061 0.043818
0 0.256397 0.691288 0.025235 0.046948
0 0.313615 0.752843 0.026995 0.044862
0 0.318603 0.848305 0.026408 0.047992
0 0.390786 0.712572 0.025235 0.044862
0 0.347653 0.660929 0.024648 0.043818
0 0.311561 0.629630 0.025235 0.043818
0 0.330927 0.593114 0.025235 0.041732
0 0.290141 0.527387 0.024648 0.041732
0 0.327993 0.523213 0.025235 0.045905
0 0.384038 0.507564 0.023474 0.043818
0 0.200059 0.497131 0.024061 0.041732
0 0.220892 0.427752 0.023474 0.042775
0 0.292782 0.431925 0.022887 0.042775
0 0.324472 0.436929 0.022887 0.042351
0 0.246127 0.285342 0.022300 0.041732
0 0.258157 0.245696 0.020540 0.039645
0 0.276643 0.257694 0.022300 0.040689
0 0.300998 0.187793 0.021714 0.038602
0 0.344718 0.268127 0.022300 0.040689
0 0.381984 0.244263 0.022887 0.040426
0 0.388439 0.328638 0.022887 0.040689
0 0.385798 0.363589 0.023474 0.039645
0 0.344425 0.364827 0.022887 0.042121
0 0.429812 0.337239 0.021127 0.040180
0 0.409896 0.416340 0.022024 0.041765
0 0.472788 0.410685 0.023493 0.040894
0 0.427760 0.568607 0.024471 0.041765
0 0.454679 0.579048 0.024471 0.043505
0 0.425313 0.686070 0.026429 0.045245
0 0.437794 0.720003 0.025940 0.045245
0 0.472054 0.684765 0.024961 0.044375
0 0.517326 0.725224 0.024471 0.043505
0 0.558927 0.755677 0.025450 0.046985
0 0.510229 0.518141 0.023003 0.043505
0 0.559172 0.567737 0.023982 0.046985
0 0.565534 0.465936 0.023982 0.040024
0 0.518060 0.420691 0.023003 0.041765
0 0.535924 0.353259 0.022514 0.042635
0 0.561130 0.246672 0.022024 0.038284
0 0.550607 0.221004 0.022514 0.037414
0 0.571359 0.661272 0.025450 0.046115
0 0.698610 0.729575 0.027408 0.046985
0 0.693716 0.587749 0.024471 0.045245
0 0.661413 0.533368 0.024471 0.042635
0 0.596320 0.509876 0.023493 0.042635
0 0.623483 0.428522 0.023982 0.041765
0 0.778632 0.435918 0.023982 0.042635
0 0.723081 0.353694 0.022514 0.040024
0 0.682704 0.309754 0.022024 0.044375
0 0.615897 0.235361 0.022514 0.038284
0 0.622259 0.294092 0.021535 0.039154
0 0.604885 0.309319 0.023003 0.040024
0 0.596564 0.346733 0.023003 0.040024
0 0.631558 0.379361 0.022514 0.042635
0 0.653093 0.352388 0.023493 0.042635