0 0.077706 0.687736 0.029070 0.044723
0 0.165474 0.633572 0.026834 0.041741
0 0.202370 0.579905 0.027952 0.043729
0 0.235353 0.590837 0.025716 0.043729
0 0.272250 0.587358 0.023479 0.040747
0 0.289300 0.626118 0.025157 0.042735
0 0.254081 0.695687 0.027393 0.044723
0 0.242062 0.741900 0.025716 0.043729
0 0.311661 0.845756 0.025157 0.046710
0 0.402504 0.850726 0.024597 0.044723
0 0.485242 0.820413 0.025716 0.047704
0 0.447507 0.614689 0.022920 0.041741
0 0.445830 0.576426 0.022920 0.040747
0 0.439121 0.537170 0.024038 0.037766
0 0.395237 0.496422 0.023479 0.043729
0 0.371199 0.493441 0.024597 0.043729
0 0.207122 0.479030 0.025157 0.044723
0 0.164356 0.438283 0.024597 0.042735
0 0.221098 0.448718 0.024038 0.041741
0 0.287903 0.408964 0.024597 0.043729
0 0.344644 0.382628 0.021802 0.038760
0 0.365049 0.366229 0.024597 0.041741
0 0.231999 0.312065 0.023479 0.040747
0 0.186717 0.191811 0.023479 0.038760
0 0.228086 0.268833 0.022361 0.039754
0 0.246534 0.285232 0.023479 0.040747
0 0.248211 0.252932 0.022361 0.037766
0 0.268057 0.276287 0.022920 0.038760
0 0.355546 0.249453 0.022361 0.040747
0 0.386292 0.259889 0.021243 0.041741
0 0.484123 0.207215 0.022361 0.037766
0 0.473781 0.418903 0.021802 0.035778
0 0.488596 0.448221 0.022361 0.038760
0 0.471266 0.530710 0.024597 0.038760
0 0.472943 0.568475 0.024597 0.042735
0 0.496981 0.610217 0.025716 0.046710
0 0.534213 0.680879 0.024597 0.047704
0 0.573625 0.700258 0.026275 0.048698
0 0.576699 0.645100 0.025716 0.043729
0 0.563562 0.609322 0.025157 0.045717
0 0.580892 0.444842 0.024038 0.042735
0 0.562444 0.419002 0.024038 0.042735
0 0.554059 0.386206 0.022920 0.040747
0 0.587042 0.355893 0.021802 0.037766
0 0.580054 0.280859 0.022361 0.042735
0 0.565519 0.180481 0.020125 0.036772
0 0.548468 0.164580 0.021802 0.032797
0 0.547909 0.134268 0.022920 0.031803
0 0.625615 0.209302 0.021802 0.040747
0 0.631764 0.346949 0.022920 0.039754
0 0.673971 0.326575 0.022361 0.040747
0 0.712545 0.348937 0.022361 0.045717
0 0.644063 0.419996 0.024038 0.042735
0 0.656641 0.460942 0.025716 0.043133
0 0.706675 0.442059 0.022920 0.043133
0 0.743292 0.529815 0.023479 0.043729
0 0.908766 0.521368 0.024597 0.044723