0 0.069156 0.673279 0.026919 0.039154
0 0.303592 0.833377 0.025940 0.047855
0 0.209377 0.742887 0.026429 0.049595
0 0.199834 0.647612 0.024961 0.045245
0 0.259299 0.601932 0.024471 0.040894
0 0.247798 0.570608 0.023982 0.040894
0 0.146241 0.520578 0.025450 0.041765
0 0.285728 0.484469 0.023493 0.039154
0 0.265417 0.475333 0.022024 0.041765
0 0.243637 0.477943 0.022514 0.041765
0 0.198121 0.437919 0.023493 0.040024
0 0.221124 0.413991 0.023493 0.042635
0 0.175852 0.401375 0.023982 0.040024
0 0.176096 0.355695 0.024471 0.044375
0 0.308976 0.386583 0.022024 0.040024
0 0.142570 0.143392 0.022024 0.037414
0 0.196652 0.285217 0.021535 0.039154
0 0.243882 0.318716 0.023003 0.043505
0 0.252202 0.288262 0.022024 0.036544
0 0.250245 0.256939 0.022024 0.036544
0 0.364771 0.290438 0.023003 0.040894
0 0.357430 0.237797 0.023003 0.040024
0 0.319744 0.179501 0.021045 0.038284
0 0.380188 0.444880 0.023493 0.041765
0 0.381167 0.483164 0.025450 0.038284
0 0.403436 0.472287 0.023003 0.039154
0 0.496329 0.823023 0.025940 0.045245
0 0.457664 0.716436 0.024961 0.046115
0 0.439556 0.603759 0.024961 0.041765
0 0.435395 0.562864 0.023493 0.041765
0 0.459622 0.557644 0.022024 0.040024
0 0.463538 0.520665 0.023982 0.037414
0 0.492169 0.587227 0.023493 0.045245
0 0.529366 0.577221 0.024471 0.044375
0 0.536218 0.655529 0.025450 0.046115
0 0.581245 0.685983 0.025450 0.044375
0 0.568520 0.631602 0.027408 0.045245
0 0.677418 0.486731 0.023003 0.042635
0 0.562647 0.437571 0.023493 0.043505
0 0.563626 0.374054 0.022514 0.038284
0 0.591034 0.371008 0.021535 0.039154
0 0.575127 0.345776 0.023982 0.037414
0 0.593726 0.320978 0.023003 0.040024
0 0.588097 0.273993 0.023493 0.038284
0 0.698218 0.368398 0.023493 0.039154
0 0.726361 0.380579 0.021045 0.042635
0 0.706294 0.337510 0.023982 0.038284
0 0.676684 0.301836 0.022514 0.038284
0 0.695527 0.292265 0.020067 0.034804
0 0.444450 0.107022 0.020067 0.037414
0 0.593481 0.187940 0.022514 0.039154
0 0.575372 0.136170 0.021535 0.036544
0 0.595928 0.145741 0.021535 0.038284
0 0.610366 0.095623 0.021045 0.037588
0 0.930893 0.391804 0.022514 0.041765
0 0.465533 0.406590 0.021957 0.038126
0 0.480086 0.435639 0.021446 0.038126