0 0.087470 0.754233 0.025425 0.043851
0 0.079121 0.686096 0.026943 0.039803
0 0.162796 0.578156 0.025046 0.043851
0 0.238122 0.651353 0.024666 0.043176
0 0.270757 0.647305 0.024666 0.041827
0 0.251973 0.618296 0.024287 0.041827
0 0.314587 0.845645 0.026563 0.047224
0 0.436969 0.777508 0.025425 0.044525
0 0.432225 0.735344 0.025046 0.043851
0 0.147237 0.483033 0.023528 0.042502
0 0.148186 0.129528 0.020112 0.031707
0 0.163555 0.281657 0.023528 0.035081
0 0.173801 0.316400 0.021251 0.037104
0 0.208333 0.267152 0.022010 0.039803
0 0.200744 0.362949 0.022010 0.038454
0 0.230723 0.380152 0.021251 0.040478
0 0.251404 0.384538 0.020112 0.037104
0 0.257286 0.352830 0.023528 0.037104
0 0.251973 0.314376 0.021251 0.037104
0 0.337546 0.176415 0.020871 0.037779
0 0.384411 0.258045 0.021251 0.039128
0 0.454425 0.253997 0.021630 0.039128
0 0.470363 0.106591 0.020112 0.037104
0 0.384980 0.379141 0.020871 0.039803
0 0.339253 0.411860 0.024287 0.040478
0 0.370560 0.431424 0.021630 0.040478
0 0.384221 0.459758 0.023148 0.039128
0 0.287075 0.474600 0.024666 0.040478
0 0.337356 0.503609 0.024287 0.043176
0 0.446645 0.574108 0.023528 0.039803
0 0.449681 0.612899 0.024287 0.041827
0 0.470173 0.565675 0.022769 0.037779
0 0.473968 0.529245 0.024287 0.037779
0 0.502239 0.598057 0.023907 0.043176
0 0.476245 0.415233 0.022010 0.037779
0 0.490096 0.444242 0.022389 0.037779
0 0.516090 0.320111 0.022769 0.040478
0 0.548915 0.353167 0.022389 0.039128
0 0.545689 0.276597 0.021251 0.038454
0 0.526526 0.164609 0.022389 0.043851
0 0.581550 0.222627 0.021630 0.038454
0 0.597298 0.101869 0.018974 0.038454
0 0.584775 0.261755 0.021251 0.037104
0 0.624051 0.239493 0.021630 0.039803
0 0.691788 0.252311 0.022010 0.037104
0 0.669019 0.299872 0.022010 0.036430
0 0.703172 0.350469 0.021251 0.041827
0 0.724044 0.359914 0.020492 0.039128
0 0.745484 0.366660 0.020871 0.041827
0 0.963115 0.362949 0.025046 0.038454
0 0.551571 0.465830 0.022389 0.044525
0 0.566750 0.496526 0.023148 0.039803
0 0.752125 0.560615 0.023528 0.043851
0 0.539617 0.587263 0.022769 0.043176
0 0.546448 0.665857 0.025046 0.045200
0 0.578893 0.642582 0.026184 0.044525
0 0.591606 0.696553 0.025046 0.045875