0 0.141012 0.664769 0.025619 0.046494
0 0.179708 0.624443 0.026153 0.045545
0 0.258700 0.696081 0.024018 0.044596
0 0.313941 0.743524 0.024552 0.046494
0 0.313941 0.847424 0.025619 0.049341
0 0.514091 0.739729 0.025619 0.046494
0 0.556789 0.749692 0.025619 0.047443
0 0.434031 0.718854 0.025619 0.044596
0 0.476196 0.690863 0.025619 0.045545
0 0.418286 0.689439 0.026153 0.046494
0 0.390532 0.695607 0.025085 0.043647
0 0.341161 0.669988 0.025619 0.043647
0 0.309137 0.631085 0.025619 0.041750
0 0.326751 0.593605 0.025619 0.042699
0 0.421755 0.578897 0.023484 0.043647
0 0.451644 0.580321 0.024552 0.044596
0 0.511956 0.510580 0.023484 0.043647
0 0.551452 0.571781 0.023484 0.044596
0 0.381458 0.517696 0.022950 0.044596
0 0.327284 0.527659 0.023484 0.043647
0 0.286988 0.540943 0.025085 0.041750
0 0.206127 0.498719 0.024552 0.042699
0 0.215734 0.419015 0.024552 0.038903
0 0.282451 0.426132 0.023484 0.041750
0 0.316076 0.447006 0.023484 0.045545
0 0.407344 0.415694 0.022417 0.043647
0 0.383059 0.363033 0.020816 0.038903
0 0.352103 0.365405 0.022950 0.041750
0 0.423623 0.340734 0.022950 0.041750
0 0.384927 0.328874 0.023484 0.040801
0 0.243488 0.284752 0.022417 0.039852
0 0.255497 0.252965 0.020816 0.035108
0 0.272844 0.269570 0.022417 0.039852
0 0.337158 0.267672 0.021883 0.039852
0 0.376921 0.248695 0.022417 0.041750
0 0.296595 0.188443 0.021883 0.038903
0 0.472833 0.406870 0.022950 0.042699
0 0.515798 0.422051 0.023484 0.042699
0 0.534479 0.360850 0.023484 0.043647
0 0.556629 0.247936 0.021883 0.036057
0 0.550224 0.217098 0.021883 0.035108
0 0.608668 0.230857 0.021349 0.039852
0 0.616140 0.292058 0.021349 0.038903
0 0.601196 0.312933 0.021349 0.038903
0 0.592656 0.340924 0.022417 0.039852
0 0.621211 0.378404 0.022950 0.038903
0 0.651366 0.353259 0.023484 0.041750
0 0.680722 0.310561 0.022417 0.043647
0 0.719684 0.352310 0.023484 0.041750
0 0.782664 0.442452 0.023484 0.045545
0 0.623879 0.419205 0.022950 0.038903
0 0.571573 0.468071 0.022950 0.041750
0 0.596659 0.507449 0.025085 0.042699
0 0.664176 0.527849 0.023484 0.041750
0 0.684191 0.573868 0.025085 0.042699
0 0.568371 0.660594 0.025085 0.046494
0 0.693264 0.718949 0.026153 0.045545