0 0.079043 0.682067 0.029855 0.043505
0 0.314702 0.842165 0.027408 0.048725
0 0.383712 0.732098 0.026429 0.049595
0 0.231989 0.711216 0.025450 0.049595
0 0.254503 0.685113 0.024471 0.046115
0 0.280198 0.679892 0.025940 0.044375
0 0.293168 0.643348 0.025450 0.044375
0 0.308829 0.611590 0.026429 0.046985
0 0.229542 0.552423 0.025450 0.043505
0 0.183291 0.538067 0.024961 0.044375
0 0.230521 0.513269 0.024471 0.038284
0 0.212412 0.497172 0.023493 0.042635
0 0.212412 0.448012 0.025450 0.040024
0 0.376615 0.525015 0.023982 0.042635
0 0.375392 0.454538 0.023493 0.042635
0 0.255726 0.356652 0.023982 0.041765
0 0.276527 0.345776 0.022514 0.042635
0 0.243491 0.278778 0.022024 0.039154
0 0.262578 0.267032 0.021045 0.036544
0 0.247651 0.244845 0.021535 0.037414
0 0.233702 0.160010 0.021045 0.040024
0 0.291699 0.250065 0.021535 0.040894
0 0.384201 0.200905 0.021535 0.045245
0 0.364869 0.320108 0.023003 0.041765
0 0.378328 0.355347 0.024471 0.040894
0 0.378083 0.394501 0.024961 0.040894
0 0.525548 0.244236 0.022514 0.038284
0 0.546594 0.149221 0.020556 0.038284
0 0.562500 0.133995 0.020067 0.040894
0 0.561766 0.200992 0.021535 0.039154
0 0.613401 0.244497 0.023003 0.040894
0 0.637383 0.284521 0.022024 0.037414
0 0.680452 0.284521 0.022024 0.039154
0 0.716181 0.338032 0.023003 0.043505
0 0.575715 0.324110 0.023982 0.038284
0 0.569107 0.354999 0.024471 0.040894
0 0.475137 0.409815 0.023493 0.040894
0 0.490554 0.438093 0.021045 0.038284
0 0.469998 0.526842 0.023003 0.043505
0 0.433780 0.525102 0.023982 0.041765
0 0.440632 0.581658 0.023003 0.043505
0 0.459965 0.609066 0.024471 0.044375
0 0.487617 0.599060 0.023982 0.043505
0 0.504258 0.574263 0.024961 0.044375
0 0.502790 0.729575 0.027897 0.046985
0 0.565926 0.709127 0.025940 0.046115
0 0.579141 0.639520 0.026919 0.047855
0 0.615603 0.640390 0.025450 0.044375
0 0.570331 0.462020 0.023003 0.044375
0 0.576449 0.388497 0.021535 0.038284
0 0.597984 0.396763 0.022514 0.042635
0 0.650842 0.455495 0.023493 0.043505
0 0.675803 0.375446 0.023493 0.041765
0 0.676047 0.465501 0.023982 0.042635
0 0.708105 0.545549 0.024471 0.046115
0 0.525793 0.841556 0.026919 0.046115
0 0.868915 0.496726 0.025619 0.041750