0 0.073468 0.682816 0.026373 0.041676
0 0.181263 0.759842 0.025954 0.045397
0 0.308523 0.845055 0.024280 0.046141
0 0.195705 0.610255 0.025536 0.042420
0 0.254102 0.625512 0.023443 0.041676
0 0.248870 0.590161 0.023024 0.037955
0 0.159076 0.501972 0.023443 0.040188
0 0.182518 0.449133 0.023443 0.038699
0 0.197589 0.419737 0.022605 0.036466
0 0.206170 0.386247 0.023024 0.034978
0 0.279429 0.510903 0.023024 0.041676
0 0.264987 0.448761 0.020931 0.039443
0 0.286964 0.436853 0.021350 0.037955
0 0.292616 0.390712 0.023443 0.040932
0 0.217473 0.334524 0.023024 0.035722
0 0.192775 0.322245 0.022187 0.036466
0 0.217055 0.301407 0.023024 0.034978
0 0.207426 0.254149 0.021350 0.035722
0 0.264987 0.243358 0.020931 0.037955
0 0.142331 0.128749 0.021768 0.034978
0 0.325059 0.165215 0.020512 0.036466
0 0.365874 0.264940 0.020931 0.042420
0 0.390154 0.275731 0.021768 0.038699
0 0.452528 0.106050 0.020094 0.037211
0 0.379061 0.446900 0.022187 0.041676
0 0.386805 0.484483 0.022605 0.039443
0 0.410876 0.452854 0.022187 0.041676
0 0.470529 0.416388 0.022605 0.034234
0 0.484344 0.444668 0.020931 0.037211
0 0.430970 0.734911 0.025536 0.044653
0 0.484762 0.835752 0.024280 0.048374
0 0.443737 0.612860 0.024280 0.041676
0 0.440598 0.573789 0.023861 0.039443
0 0.464668 0.565975 0.023443 0.041676
0 0.468436 0.528764 0.023443 0.038699
0 0.496902 0.597604 0.023443 0.043909
0 0.534369 0.587929 0.023024 0.042420
0 0.541067 0.666443 0.024699 0.047630
0 0.573300 0.642629 0.023861 0.044653
0 0.586068 0.697328 0.025954 0.045397
0 0.695956 0.514252 0.023861 0.040932
0 0.566393 0.461040 0.022605 0.043164
0 0.555718 0.370618 0.022187 0.039443
0 0.578324 0.371363 0.021350 0.042420
0 0.597371 0.356850 0.021768 0.037211
0 0.621860 0.352013 0.021350 0.039443
0 0.600511 0.263824 0.021350 0.035722
0 0.599046 0.224008 0.022605 0.037955
0 0.617465 0.183449 0.020931 0.040188
0 0.579580 0.102701 0.021350 0.037955
0 0.609930 0.101585 0.018419 0.035722
0 0.657652 0.285778 0.021768 0.039443
0 0.693444 0.257870 0.021350 0.037211
0 0.705794 0.349408 0.021768 0.038699
0 0.721283 0.371363 0.020931 0.037955
0 0.697212 0.395922 0.023024 0.042420
0 0.958431 0.381410 0.023024 0.037211