0 0.073768 0.870894 0.026261 0.044988
0 0.077349 0.691367 0.026738 0.042441
0 0.144433 0.567015 0.023396 0.044988
0 0.222259 0.651473 0.023396 0.045837
0 0.261173 0.704949 0.024828 0.042441
0 0.270006 0.656990 0.024351 0.041592
0 0.312977 0.849249 0.025306 0.044139
0 0.434969 0.770308 0.024828 0.044139
0 0.463856 0.803412 0.024351 0.044139
0 0.293163 0.535184 0.022918 0.042441
0 0.342103 0.554282 0.024351 0.044988
0 0.118172 0.457516 0.025306 0.038197
0 0.135122 0.327222 0.021963 0.037348
0 0.213188 0.377302 0.019576 0.037348
0 0.230376 0.396401 0.019576 0.038197
0 0.250668 0.380698 0.021008 0.039046
0 0.275019 0.371361 0.021963 0.039046
0 0.233718 0.359902 0.023396 0.038197
0 0.219872 0.328071 0.023396 0.040744
0 0.204116 0.301757 0.022441 0.039046
0 0.249475 0.276292 0.022441 0.039046
0 0.146581 0.132417 0.021963 0.034802
0 0.300563 0.173160 0.021486 0.039895
0 0.370512 0.242339 0.021008 0.040744
0 0.342580 0.385791 0.021486 0.040744
0 0.352607 0.431203 0.022441 0.039895
0 0.375048 0.461336 0.024351 0.042441
0 0.448816 0.618793 0.022918 0.041592
0 0.444996 0.579323 0.023873 0.042441
0 0.469347 0.570410 0.022918 0.038197
0 0.473167 0.532637 0.023873 0.037348
0 0.501814 0.603090 0.023873 0.045837
0 0.545980 0.672269 0.024351 0.046685
0 0.590145 0.701129 0.024828 0.044988
0 0.577731 0.646804 0.024828 0.044988
0 0.538579 0.591206 0.022918 0.045837
0 0.550038 0.530515 0.023873 0.041592
0 0.577015 0.516510 0.023396 0.042441
0 0.489162 0.449453 0.022441 0.040744
0 0.474838 0.420168 0.021486 0.038197
0 0.475554 0.364570 0.022918 0.042441
0 0.505395 0.338681 0.022441 0.039895
0 0.565794 0.381971 0.022918 0.038197
0 0.486297 0.280536 0.022441 0.044139
0 0.561975 0.322129 0.021963 0.039046
0 0.601843 0.297513 0.022441 0.042441
0 0.562930 0.188015 0.021963 0.039046
0 0.482000 0.109498 0.020531 0.036499
0 0.543354 0.117138 0.020053 0.036499
0 0.576060 0.116713 0.021486 0.033953
0 0.769433 0.628130 0.025306 0.044988
0 0.680386 0.381547 0.021963 0.039046
0 0.702827 0.390884 0.021008 0.039046
0 0.727177 0.372209 0.021963 0.044139
0 0.650783 0.283083 0.021963 0.037348
0 0.663197 0.261013 0.021963 0.037348
0 0.958747 0.358628 0.022918 0.040744