0 0.100393 0.682388 0.025632 0.041012
0 0.242652 0.756437 0.024778 0.044809
0 0.314636 0.856307 0.026059 0.045568
0 0.291140 0.712387 0.024351 0.043290
0 0.297548 0.666059 0.023496 0.041771
0 0.319976 0.674413 0.023923 0.043290
0 0.322326 0.614795 0.025205 0.042531
0 0.358638 0.574542 0.023496 0.044050
0 0.244575 0.588593 0.024351 0.043290
0 0.271702 0.514924 0.025632 0.041771
0 0.178999 0.558214 0.023069 0.043290
0 0.229836 0.476950 0.024778 0.040252
0 0.244788 0.446951 0.023923 0.039493
0 0.225350 0.362649 0.021787 0.037974
0 0.243720 0.298094 0.020079 0.037974
0 0.264440 0.290499 0.020506 0.036455
0 0.252905 0.263538 0.022215 0.037214
0 0.288577 0.315941 0.022642 0.040252
0 0.256963 0.196324 0.021787 0.037974
0 0.361842 0.230880 0.021360 0.040252
0 0.347958 0.294676 0.022642 0.035695
0 0.364405 0.366446 0.022215 0.039493
0 0.382134 0.346700 0.022642 0.042531
0 0.403708 0.408977 0.023069 0.039493
0 0.384911 0.450748 0.024778 0.041012
0 0.419301 0.544923 0.023496 0.042531
0 0.416311 0.681628 0.025205 0.045568
0 0.422078 0.633022 0.024778 0.045568
0 0.459672 0.662262 0.023923 0.043290
0 0.479110 0.754158 0.026059 0.046328
0 0.536996 0.834662 0.024778 0.043290
0 0.559851 0.744285 0.024351 0.044809
0 0.573949 0.660743 0.024351 0.044809
0 0.455827 0.579099 0.024778 0.044050
0 0.482741 0.590871 0.023923 0.043290
0 0.505169 0.581757 0.024351 0.041771
0 0.552802 0.506569 0.022215 0.040252
0 0.479964 0.440115 0.020933 0.037974
0 0.493848 0.414293 0.022215 0.039493
0 0.586338 0.438217 0.022642 0.040252
0 0.567541 0.402142 0.021787 0.041012
0 0.580357 0.376320 0.023496 0.039493
0 0.558143 0.288221 0.021787 0.039493
0 0.541482 0.214552 0.020079 0.036455
0 0.579503 0.233159 0.021787 0.038733
0 0.587620 0.185312 0.020079 0.034176
0 0.616670 0.294296 0.021787 0.037974
0 0.615388 0.329992 0.021787 0.034936
0 0.612184 0.364168 0.022215 0.037974
0 0.658108 0.366446 0.023496 0.041012
0 0.688867 0.301511 0.021787 0.037214
0 0.713431 0.358852 0.023069 0.044050
0 0.838175 0.484165 0.024778 0.041012
0 0.625000 0.488342 0.023069 0.041771
0 0.690576 0.533531 0.022642 0.041012
0 0.679469 0.565808 0.023496 0.044809
0 0.637816 0.694919 0.024778 0.046328