0 0.079043 0.681545 0.028876 0.041765
0 0.314213 0.846863 0.025450 0.048725
0 0.393011 0.770295 0.026429 0.046985
0 0.241778 0.720700 0.024471 0.045245
0 0.278729 0.706343 0.025940 0.044375
0 0.250587 0.667624 0.027408 0.045245
0 0.287050 0.641956 0.025940 0.047855
0 0.307116 0.621074 0.023982 0.040894
0 0.193079 0.552336 0.024961 0.044375
0 0.228808 0.553206 0.025940 0.042635
0 0.231255 0.515792 0.024961 0.042635
0 0.217551 0.492300 0.023003 0.044375
0 0.204336 0.457496 0.025940 0.042635
0 0.382733 0.523623 0.023493 0.044375
0 0.376615 0.471417 0.024961 0.044375
0 0.369274 0.402680 0.023003 0.039154
0 0.373679 0.369181 0.024961 0.038284
0 0.262823 0.389193 0.023493 0.041765
0 0.264536 0.342643 0.023982 0.040894
0 0.373189 0.304359 0.022024 0.039154
0 0.388361 0.231271 0.023003 0.042635
0 0.284603 0.263900 0.022024 0.038284
0 0.265270 0.273906 0.019577 0.035674
0 0.245448 0.285652 0.021045 0.040024
0 0.250832 0.251718 0.021045 0.036544
0 0.228808 0.173410 0.021045 0.040024
0 0.563087 0.141999 0.022024 0.039154
0 0.551586 0.161577 0.020556 0.038284
0 0.516102 0.242495 0.021045 0.038284
0 0.563821 0.206387 0.020556 0.035674
0 0.602976 0.254677 0.022514 0.041765
0 0.636012 0.278169 0.022024 0.040024
0 0.677369 0.310363 0.023493 0.041765
0 0.717991 0.356478 0.023493 0.043505
0 0.572876 0.351257 0.022024 0.038284
0 0.566513 0.384756 0.023003 0.040894
0 0.586580 0.398677 0.022024 0.042635
0 0.609583 0.389541 0.022024 0.041765
0 0.477193 0.420865 0.023493 0.040024
0 0.491631 0.451753 0.023003 0.039154
0 0.682508 0.410424 0.023982 0.043505
0 0.672475 0.465675 0.023493 0.040894
0 0.649227 0.464805 0.023982 0.042635
0 0.574344 0.466980 0.024961 0.045245
0 0.723375 0.570956 0.025450 0.046115
0 0.439507 0.537023 0.024471 0.042635
0 0.474501 0.534847 0.023982 0.043505
0 0.445380 0.581832 0.023493 0.041765
0 0.460063 0.610111 0.023493 0.042635
0 0.490652 0.618811 0.023003 0.042635
0 0.500440 0.582703 0.025940 0.041765
0 0.600773 0.644044 0.024961 0.049595
0 0.577525 0.652745 0.024471 0.046115
0 0.507537 0.726703 0.024471 0.046115
0 0.566513 0.719742 0.024961 0.044375
0 0.523199 0.863743 0.026429 0.046985
0 0.881458 0.518019 0.025270 0.045922