0 0.075352 0.684677 0.027629 0.040932
0 0.175611 0.763935 0.026373 0.046141
0 0.310198 0.844683 0.025954 0.046885
0 0.428667 0.744586 0.025117 0.043164
0 0.483297 0.837613 0.026373 0.049118
0 0.255149 0.630349 0.023861 0.040932
0 0.249498 0.592394 0.025117 0.039443
0 0.198426 0.608395 0.024280 0.041676
0 0.289267 0.514996 0.023443 0.040932
0 0.165774 0.511647 0.024280 0.040188
0 0.181263 0.457691 0.024280 0.040932
0 0.195914 0.420853 0.021768 0.037211
0 0.204705 0.387735 0.024280 0.039443
0 0.269801 0.446528 0.022187 0.042420
0 0.289057 0.431272 0.022187 0.037211
0 0.289685 0.393689 0.023443 0.040932
0 0.221241 0.334896 0.021350 0.033490
0 0.190054 0.316663 0.022605 0.038699
0 0.217683 0.302895 0.021768 0.037955
0 0.208054 0.247823 0.021768 0.034978
0 0.143587 0.125772 0.023443 0.037955
0 0.262475 0.232567 0.021768 0.037211
0 0.323175 0.158145 0.020931 0.037211
0 0.367130 0.264940 0.021768 0.040932
0 0.394340 0.275359 0.022605 0.039443
0 0.452319 0.105306 0.019675 0.035722
0 0.387642 0.484483 0.021768 0.040932
0 0.379061 0.444668 0.023861 0.041676
0 0.412132 0.449505 0.022187 0.042420
0 0.442691 0.573789 0.023024 0.040932
0 0.465087 0.564114 0.021768 0.039443
0 0.468645 0.527275 0.023861 0.035722
0 0.444993 0.611744 0.024280 0.040932
0 0.471366 0.414155 0.021768 0.038699
0 0.485390 0.443551 0.020512 0.039443
0 0.498367 0.598348 0.023861 0.045397
0 0.535206 0.584952 0.022187 0.043909
0 0.542113 0.664955 0.024280 0.046141
0 0.574556 0.640768 0.024699 0.045397
0 0.586906 0.696584 0.024280 0.043909
0 0.701608 0.514624 0.024280 0.041676
0 0.958431 0.372107 0.023024 0.039443
0 0.701817 0.397038 0.023024 0.040188
0 0.722120 0.369502 0.021768 0.038699
0 0.705584 0.345315 0.023024 0.040932
0 0.566602 0.460668 0.023024 0.042420
0 0.551114 0.360944 0.021350 0.037955
0 0.581254 0.381782 0.021350 0.039443
0 0.596743 0.351269 0.021350 0.039443
0 0.627093 0.345687 0.021768 0.040188
0 0.605743 0.266801 0.020931 0.038699
0 0.654722 0.280941 0.021768 0.038699
0 0.687374 0.250428 0.021768 0.037211
0 0.597580 0.224380 0.020512 0.040188
0 0.619139 0.189775 0.021768 0.043909
0 0.576021 0.101585 0.020094 0.034234
0 0.607209 0.100097 0.020512 0.034234