0 0.077751 0.688084 0.028195 0.043290
0 0.141191 0.623529 0.025205 0.044809
0 0.212107 0.744285 0.025205 0.046328
0 0.246497 0.753019 0.027341 0.045568
0 0.312500 0.847194 0.026059 0.048606
0 0.436176 0.863143 0.026487 0.050125
0 0.501324 0.783018 0.025205 0.047847
0 0.287295 0.625047 0.024351 0.044809
0 0.275760 0.570745 0.024351 0.042531
0 0.225350 0.573023 0.025205 0.044050
0 0.245215 0.538088 0.024778 0.044050
0 0.198864 0.473153 0.022642 0.040252
0 0.204844 0.437078 0.023496 0.039493
0 0.150376 0.418091 0.024778 0.039493
0 0.303529 0.424926 0.021787 0.041012
0 0.375085 0.502392 0.023069 0.042531
0 0.397086 0.489481 0.023496 0.041012
0 0.357356 0.377079 0.022642 0.041012
0 0.343686 0.350497 0.021787 0.041012
0 0.336851 0.258981 0.020933 0.038733
0 0.375513 0.241893 0.021360 0.037974
0 0.262303 0.269993 0.021360 0.036455
0 0.242652 0.257082 0.019651 0.034936
0 0.244361 0.292018 0.019651 0.033417
0 0.196300 0.323536 0.021787 0.037214
0 0.202708 0.255563 0.022642 0.039493
0 0.173872 0.186451 0.021360 0.039493
0 0.446215 0.615174 0.024351 0.041771
0 0.443011 0.574922 0.023923 0.040252
0 0.429554 0.531632 0.025205 0.044809
0 0.469925 0.530113 0.023923 0.041771
0 0.466294 0.568467 0.023496 0.041012
0 0.499616 0.599985 0.024351 0.046328
0 0.539559 0.614035 0.024778 0.047087
0 0.539132 0.676312 0.025632 0.048606
0 0.579503 0.696058 0.026059 0.047087
0 0.575017 0.642895 0.024778 0.045568
0 0.487654 0.447710 0.020933 0.039493
0 0.471847 0.417711 0.020933 0.041771
0 0.550453 0.402521 0.022642 0.043290
0 0.563269 0.431381 0.023496 0.043290
0 0.570531 0.324296 0.022642 0.040252
0 0.461594 0.173920 0.020933 0.037214
0 0.539773 0.145819 0.021787 0.041771
0 0.556006 0.167084 0.020079 0.038733
0 0.576299 0.169363 0.020506 0.035695
0 0.625214 0.172780 0.020079 0.034936
0 0.579930 0.295056 0.022642 0.037974
0 0.639098 0.317081 0.023069 0.041012
0 0.614106 0.392269 0.022642 0.037974
0 0.586124 0.425306 0.022215 0.041771
0 0.665584 0.456064 0.024778 0.042531
0 0.710227 0.415812 0.024351 0.039493
0 0.691644 0.329992 0.022215 0.041012
0 0.711082 0.348599 0.021787 0.038733
0 0.742908 0.479608 0.023923 0.041012
0 0.913790 0.476570 0.023923 0.041012