0 0.080267 0.682620 0.027056 0.043290
0 0.147457 0.747956 0.025253 0.047298
0 0.313176 0.844557 0.025703 0.046497
0 0.402237 0.742745 0.024351 0.046497
0 0.468299 0.818502 0.024802 0.048902
0 0.252976 0.645743 0.023449 0.040083
0 0.251849 0.605259 0.023900 0.039282
0 0.221636 0.592833 0.023900 0.043290
0 0.175866 0.552349 0.024351 0.040885
0 0.174288 0.479798 0.023900 0.038480
0 0.326705 0.515873 0.022998 0.043290
0 0.392091 0.472583 0.022096 0.040083
0 0.378562 0.440516 0.022096 0.040083
0 0.415088 0.410855 0.023900 0.040083
0 0.290404 0.422479 0.021645 0.042488
0 0.310471 0.379590 0.021194 0.040083
0 0.263122 0.386404 0.022998 0.039282
0 0.208108 0.416065 0.022096 0.034472
0 0.201344 0.384400 0.022998 0.038480
0 0.222763 0.356742 0.020743 0.040885
0 0.251398 0.327882 0.022096 0.039282
0 0.167523 0.285794 0.022998 0.040083
0 0.192325 0.244909 0.020292 0.038480
0 0.232233 0.238496 0.022547 0.036877
0 0.149260 0.129068 0.020743 0.032868
0 0.348801 0.137085 0.021194 0.037678
0 0.373151 0.265753 0.021194 0.041687
0 0.421852 0.265753 0.022096 0.038480
0 0.461084 0.106622 0.020292 0.036075
0 0.549468 0.107023 0.019390 0.035273
0 0.449134 0.613276 0.023449 0.039282
0 0.446203 0.573994 0.023900 0.040885
0 0.469877 0.566779 0.022547 0.037678
0 0.473710 0.529902 0.022998 0.040885
0 0.501894 0.600048 0.023449 0.046497
0 0.539322 0.587622 0.023449 0.044092
0 0.546311 0.667388 0.023900 0.044893
0 0.578102 0.643338 0.024351 0.043290
0 0.565476 0.478195 0.022547 0.043290
0 0.489268 0.445326 0.021645 0.040083
0 0.476190 0.416867 0.022547 0.037678
0 0.590729 0.698252 0.024351 0.045695
0 0.730294 0.541927 0.024802 0.040885
0 0.569309 0.420875 0.023900 0.040885
0 0.560065 0.322270 0.021645 0.039282
0 0.583514 0.327481 0.021645 0.038480
0 0.587572 0.294613 0.022547 0.035273
0 0.605835 0.104618 0.021194 0.035273
0 0.592082 0.235690 0.022547 0.039282
0 0.617334 0.234087 0.021645 0.042488
0 0.644841 0.278579 0.021645 0.040083
0 0.677760 0.269360 0.021645 0.042488
0 0.648900 0.335498 0.022547 0.044893
0 0.707296 0.354337 0.023900 0.040885
0 0.725108 0.373978 0.022547 0.040083
0 0.727363 0.412458 0.023449 0.040083
0 0.963880 0.377185 0.023900 0.041687