0 0.021714 0.147761 0.019646 0.019646
0 0.100769 0.309267 0.016372 0.016372
0 0.037737 0.389898 0.018009 0.020465
0 0.140062 0.356745 0.018009 0.018009
0 0.111821 0.414866 0.018828 0.019646
0 0.154388 0.425917 0.018828 0.022102
0 0.339391 0.397266 0.020465 0.018828
0 0.429846 0.430010 0.021284 0.018828
0 0.316879 0.220612 0.018009 0.017191
0 0.334889 0.219794 0.019646 0.017191
0 0.349623 0.234528 0.018009 0.018828
0 0.351261 0.208333 0.019646 0.018828
0 0.361084 0.164538 0.018009 0.018009
0 0.380321 0.171087 0.018828 0.018009
0 0.602570 0.370416 0.016372 0.018828
0 0.633268 0.494024 0.020465 0.018828
0 0.176081 0.443271 0.018009 0.018828
0 0.174443 0.470285 0.018009 0.018828
0 0.191634 0.459643 0.018009 0.020465
0 0.207187 0.472331 0.018009 0.019646
0 0.187132 0.484610 0.018828 0.019646
0 0.187541 0.507122 0.021284 0.018828
0 0.216601 0.490341 0.020465 0.021284
0 0.202276 0.519810 0.019646 0.021284
0 0.282089 0.559103 0.020465 0.018009
0 0.259987 0.584070 0.018828 0.020465
0 0.140472 0.641781 0.018828 0.019646
0 0.016454 0.715455 0.019646 0.019646
0 0.092993 0.773576 0.017191 0.019646
0 0.303373 0.698674 0.017191 0.020465
0 0.287410 0.732236 0.018009 0.017191
0 0.426572 0.711362 0.021284 0.018009
0 0.327112 0.781352 0.017191 0.018828
0 0.341437 0.810003 0.018009 0.018828
0 0.324247 0.816552 0.019646 0.018828
0 0.010683 0.958988 0.021365 0.022102
0 0.314424 0.963081 0.019646 0.022102
0 0.395056 0.882859 0.018828 0.020465
0 0.429437 0.816961 0.018828 0.019646
0 0.575557 0.900868 0.021284 0.018828
0 0.580878 0.825147 0.017191 0.019646
0 0.612394 0.811640 0.019646 0.018828
0 0.530534 0.673297 0.018009 0.018828
0 0.585789 0.661018 0.018828 0.020465
0 0.637934 0.160200 0.019646 0.020465
0 0.656762 0.156925 0.019646 0.020465
0 0.700557 0.151604 0.020465 0.019646
0 0.716110 0.165111 0.018828 0.018828
0 0.694008 0.172069 0.020465 0.021284
0 0.669859 0.178618 0.021284 0.019646
0 0.653897 0.190079 0.020465 0.018009
0 0.636297 0.198265 0.021284 0.018009
0 0.635887 0.219139 0.020465 0.018828
0 0.653078 0.208906 0.018828 0.016372
0 0.670269 0.197446 0.018828 0.019646
0 0.687050 0.190079 0.019646 0.018009
0 0.708333 0.184758 0.019646 0.018828
0 0.729208 0.190079 0.020465 0.018009
0 0.705059 0.204813 0.019646 0.018009
0 0.686231 0.210544 0.019646 0.021284
0 0.653897 0.227325 0.020465 0.018828
0 0.673952 0.226097 0.019646 0.018009
0 0.701785 0.224460 0.019646 0.018009
0 0.732073 0.210544 0.021284 0.019646
0 0.660445 0.260069 0.018828 0.018828
0 0.680092 0.257613 0.018828 0.018828
0 0.673543 0.275213 0.018828 0.018009
0 0.691552 0.270301 0.018828 0.019646
0 0.894974 0.127456 0.019646 0.017191
0 0.965373 0.178618 0.019646 0.021284
0 0.817207 0.450229 0.021284 0.019646
0 0.835216 0.449001 0.018009 0.018828
0 0.803291 0.469057 0.018009 0.021284
0 0.844221 0.468238 0.019646 0.021284
0 0.814342 0.488294 0.022102 0.022102
0 0.833579 0.487885 0.021284 0.022921
0 0.850769 0.486248 0.019646 0.019646
0 0.867141 0.494434 0.019646 0.021284
0 0.842993 0.502620 0.020465 0.018009
0 0.824574 0.505894 0.019646 0.019646
0 0.787737 0.498936 0.021284 0.020465
0 0.806156 0.512033 0.022102 0.022102
0 0.824165 0.523903 0.018828 0.021284
0 0.807384 0.533726 0.019646 0.022921
0 0.842993 0.522266 0.018828 0.019646
0 0.857728 0.514898 0.020465 0.018009
0 0.907253 0.468648 0.021284 0.018828
0 0.904388 0.487066 0.018828 0.018009
0 0.933857 0.500573 0.022102 0.022102
0 0.915848 0.526359 0.018828 0.019646
0 0.962099 0.634005 0.019646 0.020465
0 0.670678 0.762279 0.019646 0.019646
0 0.690733 0.773739 0.020465 0.019646
0 0.676817 0.787246 0.020465 0.020465
0 0.661264 0.799525 0.020465 0.018828
0 0.680501 0.824083 0.019646 0.020465
0 0.700557 0.802390 0.020465 0.019646
0 0.723887 0.898166 0.021284 0.019646
0 0.836853 0.812623 0.018009 0.018828
0 0.912983 0.884250 0.021284 0.021284