0 0.088982 0.355272 0.018009 0.019646
0 0.184758 0.401523 0.019646 0.020465
0 0.163474 0.433448 0.019646 0.020465
0 0.140144 0.464145 0.018828 0.018009
0 0.192125 0.459643 0.019646 0.022102
0 0.210953 0.455550 0.019646 0.022102
0 0.193762 0.478880 0.021284 0.018009
0 0.209316 0.490750 0.022921 0.023739
0 0.182302 0.495252 0.019646 0.021284
0 0.194990 0.505485 0.020465 0.020465
0 0.166339 0.503438 0.020465 0.021284
0 0.148739 0.507940 0.019646 0.023739
0 0.164293 0.523084 0.019646 0.021284
0 0.176162 0.541094 0.018828 0.019646
0 0.147102 0.572200 0.021284 0.021284
0 0.336198 0.186640 0.019646 0.019646
0 0.329650 0.207924 0.021284 0.021284
0 0.349296 0.211198 0.018009 0.019646
0 0.366077 0.190733 0.020465 0.018009
0 0.374673 0.208743 0.019646 0.018009
0 0.369761 0.228389 0.018009 0.021284
0 0.322692 0.255403 0.018828 0.021284
0 0.594057 0.218975 0.018009 0.018828
0 0.036182 0.959971 0.020465 0.020465
0 0.026768 0.976752 0.018009 0.019646
0 0.045187 0.977980 0.022102 0.022102
0 0.433612 0.923543 0.019646 0.018009
0 0.332924 0.840455 0.018009 0.017191
0 0.318189 0.826130 0.018009 0.019646
0 0.337017 0.821627 0.018009 0.018828
0 0.335789 0.802390 0.020465 0.019646
0 0.354617 0.811804 0.020465 0.018828
0 0.352570 0.791749 0.019646 0.019646
0 0.347659 0.770056 0.019646 0.017191
0 0.383677 0.792976 0.018009 0.020465
0 0.562541 0.809348 0.018828 0.020465
0 0.610020 0.773739 0.018828 0.019646
0 0.628847 0.812623 0.018828 0.020465
0 0.642354 0.799116 0.019646 0.018009
0 0.679601 0.868288 0.020465 0.018828
0 0.662410 0.804028 0.018828 0.018009
0 0.655452 0.786018 0.021284 0.021284
0 0.662410 0.765963 0.017191 0.017191
0 0.675098 0.818353 0.019646 0.018828
0 0.680419 0.799935 0.018828 0.019646
0 0.675508 0.779879 0.018828 0.018828
0 0.700884 0.797888 0.020465 0.018828
0 0.695563 0.778651 0.019646 0.018009
0 0.704158 0.760642 0.020465 0.019646
0 0.676326 0.722986 0.018828 0.019646
0 0.714800 0.829813 0.020465 0.020465
0 0.691225 0.135887 0.020465 0.019646
0 0.690406 0.157580 0.020465 0.018828
0 0.720285 0.154306 0.021284 0.022102
0 0.714555 0.175180 0.019646 0.019646
0 0.640472 0.195236 0.022102 0.020465
0 0.666667 0.196054 0.020465 0.022102
0 0.700639 0.187050 0.019646 0.022102
0 0.685904 0.199738 0.019646 0.021284
0 0.721103 0.195236 0.019646 0.018828
0 0.702685 0.207105 0.022102 0.021284
0 0.651932 0.213654 0.020465 0.021284
0 0.670350 0.218157 0.019646 0.022102
0 0.690406 0.220203 0.018828 0.018009
0 0.707597 0.225933 0.020465 0.019646
0 0.726834 0.225115 0.021284 0.019646
0 0.654797 0.235756 0.021284 0.019646
0 0.674034 0.238212 0.018828 0.019646
0 0.664211 0.252538 0.018828 0.020465
0 0.693680 0.236984 0.022102 0.018828
0 0.717010 0.242714 0.021284 0.020465
0 0.692862 0.257449 0.022102 0.020465
0 0.687541 0.279961 0.019646 0.021284
0 0.808694 0.224705 0.021284 0.020465
0 0.969548 0.346267 0.020465 0.021284
0 0.843893 0.411346 0.018009 0.018828
0 0.815242 0.445318 0.021284 0.019646
0 0.843075 0.440406 0.021284 0.019646
0 0.857400 0.449411 0.020465 0.021284
0 0.894646 0.454731 0.019646 0.020465
0 0.839391 0.459643 0.018828 0.020465
0 0.822610 0.464964 0.019646 0.021284
0 0.802145 0.467829 0.021284 0.020465
0 0.797642 0.488294 0.020465 0.018828
0 0.815652 0.482973 0.018828 0.019646
0 0.835298 0.479289 0.020465 0.020465
0 0.834479 0.499345 0.022102 0.019646
0 0.875409 0.484201 0.022102 0.018828
0 0.865586 0.500982 0.022102 0.018009
0 0.881549 0.512033 0.019646 0.020465
0 0.943762 0.480927 0.021284 0.018828
0 0.945809 0.510806 0.022102 0.021284
0 0.865177 0.518582 0.019646 0.020465
0 0.847577 0.531680 0.022102 0.020465
0 0.896693 0.531270 0.018828 0.019646
0 0.821382 0.536591 0.022102 0.020465
0 0.785363 0.528815 0.022102 0.019646
0 0.825884 0.581614 0.019646 0.020465
0 0.800917 0.600851 0.020465 0.019646
0 0.865177 0.591437 0.021284 0.020465