0 0.088337 0.351814 0.019170 0.018403
0 0.313396 0.251744 0.019937 0.019170
0 0.343685 0.226056 0.019170 0.018403
0 0.336784 0.203819 0.019170 0.018403
0 0.338318 0.179664 0.020704 0.017637
0 0.364006 0.194617 0.018403 0.019937
0 0.368990 0.213787 0.019170 0.018403
0 0.386627 0.226056 0.020704 0.018403
0 0.192240 0.396595 0.018403 0.018403
0 0.166552 0.428035 0.019170 0.018403
0 0.148915 0.470593 0.017637 0.019170
0 0.191856 0.462158 0.019170 0.020704
0 0.210643 0.467909 0.021471 0.019937
0 0.186872 0.482478 0.021471 0.018403
0 0.207576 0.489380 0.021471 0.019937
0 0.160417 0.490913 0.022238 0.023004
0 0.143931 0.498965 0.021471 0.020704
0 0.178821 0.500498 0.020704 0.019170
0 0.197224 0.503566 0.020704 0.020704
0 0.160801 0.511617 0.019937 0.019937
0 0.173836 0.530788 0.019937 0.021471
0 0.157733 0.566828 0.021471 0.021471
0 0.040411 0.959896 0.021471 0.019937
0 0.029676 0.975615 0.021471 0.017637
0 0.048463 0.976766 0.019170 0.019937
0 0.347519 0.757074 0.020704 0.017637
0 0.352887 0.789280 0.020704 0.019170
0 0.373208 0.791197 0.021471 0.018403
0 0.337167 0.800399 0.019937 0.018403
0 0.352887 0.812284 0.017637 0.019170
0 0.334867 0.818802 0.018403 0.015336
0 0.319914 0.834522 0.019170 0.020704
0 0.339084 0.841807 0.019170 0.018403
0 0.431485 0.914654 0.018403 0.018403
0 0.570662 0.816809 0.017637 0.019937
0 0.607469 0.776934 0.019170 0.018403
0 0.636608 0.788436 0.019170 0.019937
0 0.634307 0.811057 0.017637 0.019170
0 0.654244 0.810291 0.020704 0.019170
0 0.659995 0.787670 0.018403 0.019937
0 0.663063 0.770033 0.021471 0.021471
0 0.680316 0.724024 0.019170 0.019937
0 0.701020 0.755847 0.020704 0.019170
0 0.680699 0.778851 0.018403 0.019170
0 0.699486 0.776167 0.020704 0.019937
0 0.676482 0.798022 0.020704 0.019170
0 0.695269 0.795338 0.018403 0.021471
0 0.673415 0.817575 0.019170 0.019937
0 0.686450 0.868952 0.019170 0.018403
0 0.716740 0.828311 0.018403 0.019937
0 0.788053 0.592133 0.018403 0.019937
0 0.835212 0.585231 0.022238 0.021471
0 0.867035 0.585615 0.018403 0.020704
0 0.792654 0.536922 0.019937 0.021471
0 0.828694 0.540756 0.021471 0.018403
0 0.838663 0.521586 0.021471 0.019937
0 0.857066 0.523119 0.021471 0.023004
0 0.875470 0.522736 0.018403 0.020704
0 0.898091 0.525036 0.020704 0.022238
0 0.939499 0.528870 0.022238 0.022238
0 0.955985 0.490530 0.021471 0.020704
0 0.867035 0.503566 0.018403 0.019170
0 0.878154 0.488613 0.019170 0.018403
0 0.846331 0.490530 0.023004 0.017637
0 0.821026 0.483629 0.023004 0.019170
0 0.802239 0.489763 0.019170 0.020704
0 0.805306 0.470593 0.020704 0.022238
0 0.825243 0.465992 0.020704 0.022238
0 0.842497 0.470209 0.019937 0.019937
0 0.854382 0.457174 0.022238 0.019937
0 0.817575 0.446822 0.022238 0.020704
0 0.835979 0.445671 0.020704 0.019937
0 0.850932 0.438003 0.023004 0.021471
0 0.834062 0.416916 0.019937 0.017637
0 0.974388 0.337551 0.021471 0.021471
0 0.676098 0.275056 0.021471 0.019170
0 0.684533 0.255118 0.018403 0.017637
0 0.696802 0.239782 0.019937 0.019170
0 0.719423 0.242466 0.020704 0.018403
0 0.710222 0.225596 0.019170 0.019937
0 0.729392 0.225596 0.020704 0.019937
0 0.801856 0.225596 0.018403 0.019937
0 0.679166 0.236715 0.018403 0.019170
0 0.658462 0.248217 0.018403 0.020704
0 0.656161 0.228280 0.019937 0.019170
0 0.691051 0.220229 0.020704 0.018403
0 0.671498 0.217161 0.021471 0.019937
0 0.703320 0.206426 0.020704 0.018403
0 0.722491 0.200675 0.020704 0.019170
0 0.716356 0.181888 0.019170 0.018403
0 0.715973 0.162334 0.018403 0.020704
0 0.696802 0.158500 0.019937 0.017637
0 0.700636 0.188022 0.019937 0.021471
0 0.686067 0.202208 0.019937 0.020704
0 0.670731 0.189939 0.019937 0.019170
0 0.656928 0.205659 0.021471 0.023004
0 0.633924 0.203359 0.018403 0.021471
0 0.606702 0.218311 0.019170 0.019170
0 0.672648 0.138563 0.019170 0.019170