0 0.089240 0.350234 0.019646 0.020402
0 0.129666 0.433353 0.018891 0.018891
0 0.306105 0.243690 0.019646 0.020402
0 0.334064 0.217243 0.019646 0.018891
0 0.331041 0.193063 0.018135 0.020402
0 0.345020 0.178706 0.018891 0.017379
0 0.350688 0.200620 0.019646 0.018891
0 0.362022 0.183996 0.019646 0.018891
0 0.388091 0.197597 0.018891 0.018891
0 0.512770 0.459423 0.018891 0.021158
0 0.165181 0.473402 0.020402 0.018891
0 0.166692 0.493426 0.018891 0.019646
0 0.182560 0.482469 0.018891 0.020402
0 0.197673 0.471891 0.020402 0.021913
0 0.212785 0.484736 0.023425 0.020402
0 0.196161 0.495315 0.020402 0.020402
0 0.179538 0.505894 0.020402 0.020402
0 0.150446 0.524029 0.019646 0.018891
0 0.150068 0.547076 0.018891 0.019646
0 0.166692 0.534608 0.020402 0.020402
0 0.183694 0.544053 0.019646 0.021158
0 0.196539 0.528185 0.021158 0.019646
0 0.009710 0.955947 0.019420 0.020402
0 0.009710 0.977104 0.019420 0.023425
0 0.029998 0.975971 0.021158 0.022669
0 0.404035 0.935545 0.019646 0.020402
0 0.329228 0.819178 0.018135 0.017379
0 0.315249 0.788953 0.018891 0.018891
0 0.332628 0.781774 0.017379 0.019646
0 0.351141 0.775729 0.019646 0.021158
0 0.345096 0.796887 0.019646 0.019646
0 0.360586 0.810488 0.018891 0.018135
0 0.362853 0.791220 0.020402 0.017379
0 0.449751 0.765528 0.018891 0.020402
0 0.574807 0.810110 0.019646 0.020402
0 0.603521 0.782152 0.019646 0.017379
0 0.637222 0.758123 0.018135 0.018891
0 0.639111 0.783437 0.018891 0.019646
0 0.656113 0.773991 0.016624 0.020402
0 0.675382 0.773613 0.020402 0.019646
0 0.690494 0.758879 0.018891 0.020402
0 0.665558 0.790993 0.020402 0.018135
0 0.652713 0.806483 0.018891 0.018891
0 0.682560 0.790993 0.019646 0.018135
0 0.702206 0.794015 0.021158 0.018135
0 0.673493 0.808750 0.019646 0.018891
0 0.691628 0.809884 0.018135 0.019646
0 0.672359 0.826507 0.020402 0.019646
0 0.663669 0.859755 0.019646 0.018135
0 0.699940 0.849176 0.021158 0.019646
0 0.968566 0.882046 0.018891 0.018891
0 0.698428 0.630422 0.019646 0.018891
0 0.771724 0.530452 0.021158 0.022669
0 0.787593 0.516473 0.021158 0.020402
0 0.787215 0.497960 0.020402 0.019646
0 0.795149 0.479825 0.021158 0.022669
0 0.808372 0.495315 0.020402 0.020402
0 0.812906 0.476424 0.020402 0.023425
0 0.829152 0.488514 0.021158 0.017379
0 0.817818 0.510050 0.021158 0.019646
0 0.836331 0.507027 0.018891 0.019646
0 0.854844 0.497960 0.024180 0.021158
0 0.867689 0.536119 0.019646 0.020402
0 0.870334 0.517606 0.018891 0.018135
0 0.873734 0.497960 0.019646 0.019646
0 0.866178 0.480580 0.019646 0.018135
0 0.842376 0.456778 0.021913 0.020402
0 0.843509 0.438265 0.019646 0.021158
0 0.860133 0.444688 0.018135 0.021913
0 0.877890 0.440154 0.020402 0.021913
0 0.872223 0.462445 0.021158 0.021158
0 0.908115 0.449977 0.020402 0.018891
0 0.944386 0.425797 0.020402 0.020402
0 0.950809 0.471135 0.021158 0.021913
0 0.972722 0.339655 0.022669 0.018891
0 0.593018 0.199486 0.020402 0.018135
0 0.628910 0.222911 0.019646 0.019646
0 0.642890 0.211576 0.017379 0.018135
0 0.648179 0.187018 0.018891 0.020402
0 0.661402 0.200997 0.019646 0.019646
0 0.676893 0.188152 0.018891 0.019646
0 0.674626 0.161705 0.020402 0.019646
0 0.690494 0.174550 0.020402 0.019646
0 0.702206 0.137147 0.021158 0.018891
0 0.710141 0.178329 0.018891 0.019646
0 0.696539 0.194197 0.020402 0.019646
0 0.682182 0.208176 0.018891 0.020402
0 0.666314 0.220266 0.018891 0.017379
0 0.684827 0.227822 0.018135 0.017379
0 0.714674 0.201753 0.020402 0.019646
0 0.698806 0.217243 0.020402 0.020402
0 0.702206 0.235001 0.021158 0.018135
0 0.686338 0.245957 0.018135 0.018891
0 0.667825 0.239912 0.018891 0.018891
0 0.667447 0.260314 0.021158 0.018891
0 0.685960 0.266359 0.020402 0.020402
0 0.703340 0.256536 0.020402 0.018891
0 0.736588 0.217999 0.020402 0.020402
0 0.798927 0.214977 0.018135 0.018891