0 0.088107 0.347749 0.019937 0.019170
0 0.175523 0.419063 0.019937 0.019170
0 0.206579 0.403727 0.019170 0.019170
0 0.302431 0.245380 0.019170 0.019937
0 0.334254 0.234645 0.019937 0.019937
0 0.344989 0.211257 0.018403 0.019170
0 0.351123 0.182885 0.019937 0.017637
0 0.365309 0.203205 0.019170 0.019937
0 0.358791 0.223142 0.021471 0.018403
0 0.406717 0.218542 0.019170 0.016870
0 0.139867 0.475424 0.023771 0.021471
0 0.158653 0.477724 0.019937 0.019937
0 0.187792 0.474273 0.018403 0.019170
0 0.206196 0.476957 0.023004 0.021471
0 0.178207 0.492294 0.020704 0.018403
0 0.147535 0.494594 0.022238 0.019937
0 0.147918 0.513381 0.021471 0.020704
0 0.165555 0.510314 0.021471 0.022238
0 0.184725 0.508780 0.019937 0.022238
0 0.205812 0.498811 0.022238 0.019170
0 0.194310 0.527567 0.020704 0.019937
0 0.172073 0.576259 0.020704 0.020704
0 0.042481 0.959129 0.020704 0.019937
0 0.037497 0.977149 0.019937 0.019170
0 0.056284 0.973315 0.022238 0.020704
0 0.335404 0.762825 0.020704 0.018403
0 0.354191 0.787746 0.019937 0.019170
0 0.341922 0.802699 0.018403 0.018403
0 0.375278 0.805000 0.019170 0.019937
0 0.352657 0.818035 0.019937 0.018403
0 0.336554 0.819569 0.019937 0.021471
0 0.311249 0.839506 0.018403 0.018403
0 0.342305 0.839123 0.019170 0.019170
0 0.430105 0.899701 0.018403 0.017637
0 0.576259 0.805613 0.018403 0.018403
0 0.604248 0.779925 0.019170 0.019170
0 0.632620 0.781459 0.019170 0.020704
0 0.639522 0.820949 0.017637 0.019937
0 0.659459 0.820566 0.017637 0.020704
0 0.678629 0.812514 0.019170 0.018403
0 0.692048 0.865041 0.019937 0.019170
0 0.720804 0.820949 0.019170 0.019937
0 0.658692 0.791810 0.019170 0.018403
0 0.678246 0.794111 0.021471 0.018403
0 0.697799 0.794111 0.017637 0.018403
0 0.669044 0.774557 0.019937 0.019170
0 0.687447 0.776091 0.019937 0.020704
0 0.715436 0.773790 0.016103 0.022238
0 0.699716 0.760371 0.021471 0.018403
0 0.686297 0.728165 0.019170 0.023004
0 0.773330 0.589755 0.018403 0.020704
0 0.835825 0.597807 0.020704 0.018403
0 0.861897 0.576720 0.019170 0.019170
0 0.936661 0.548348 0.021471 0.019170
0 0.801319 0.541063 0.020704 0.021471
0 0.842727 0.539146 0.019170 0.020704
0 0.861130 0.533778 0.019170 0.019170
0 0.878384 0.521509 0.019937 0.020704
0 0.904839 0.511157 0.022238 0.019937
0 0.846177 0.518442 0.018403 0.019170
0 0.838893 0.503489 0.019170 0.021471
0 0.815888 0.495437 0.022238 0.020704
0 0.854229 0.492754 0.022238 0.019937
0 0.871099 0.489686 0.019170 0.021471
0 0.851545 0.475884 0.021471 0.019937
0 0.835825 0.482785 0.020704 0.021471
0 0.816655 0.476651 0.020704 0.021471
0 0.813971 0.454796 0.021471 0.020704
0 0.840043 0.458247 0.021471 0.021471
0 0.859980 0.456713 0.021471 0.023004
0 0.860363 0.437160 0.020704 0.022238
0 0.838126 0.434092 0.020704 0.022238
0 0.820106 0.426041 0.021471 0.019937
0 0.620351 0.226210 0.020704 0.019937
0 0.636071 0.210107 0.018403 0.018403
0 0.652941 0.219692 0.018403 0.017637
0 0.658692 0.239245 0.019170 0.018403
0 0.668660 0.266084 0.019170 0.019937
0 0.683230 0.254198 0.020704 0.019170
0 0.677095 0.235028 0.019170 0.022238
0 0.695882 0.240012 0.018403 0.019937
0 0.720804 0.240779 0.019170 0.018403
0 0.672111 0.215474 0.019937 0.021471
0 0.666360 0.198221 0.019170 0.019170
0 0.691281 0.221225 0.021471 0.020704
0 0.709685 0.224676 0.021471 0.021471
0 0.728088 0.223909 0.021471 0.021471
0 0.684763 0.202438 0.019170 0.019937
0 0.680546 0.183652 0.019937 0.020704
0 0.705084 0.205889 0.018403 0.020704
0 0.724254 0.203972 0.019937 0.018403
0 0.699333 0.187486 0.019170 0.022238
0 0.717353 0.186719 0.018403 0.019170
0 0.716203 0.166398 0.020704 0.019937
0 0.696649 0.164098 0.019937 0.021471
0 0.667894 0.157580 0.019170 0.019170
0 0.797868 0.215474 0.021471 0.018403