0 0.101033 0.341816 0.016797 0.018477
0 0.316872 0.267910 0.020156 0.018477
0 0.338288 0.214580 0.017637 0.019316
0 0.329470 0.191904 0.020156 0.017637
0 0.346267 0.198623 0.020156 0.019316
0 0.355925 0.179726 0.019316 0.020156
0 0.357185 0.219199 0.018477 0.018477
0 0.383220 0.206181 0.020156 0.020996
0 0.579323 0.216259 0.019316 0.020996
0 0.630553 0.209961 0.019316 0.020156
0 0.643571 0.196103 0.021836 0.019316
0 0.664987 0.180146 0.019316 0.020996
0 0.687243 0.165869 0.018477 0.020996
0 0.697321 0.146552 0.020156 0.020996
0 0.726295 0.164189 0.020996 0.019316
0 0.703620 0.176787 0.020996 0.019316
0 0.685983 0.186865 0.019316 0.019316
0 0.702780 0.197783 0.019316 0.022676
0 0.721256 0.201982 0.020996 0.020996
0 0.685563 0.205761 0.020156 0.021836
0 0.652389 0.213320 0.019316 0.020156
0 0.670446 0.217939 0.020156 0.019316
0 0.688503 0.226757 0.019316 0.020156
0 0.706979 0.216259 0.020996 0.019316
0 0.725876 0.222558 0.020156 0.021836
0 0.669606 0.239775 0.020156 0.020996
0 0.688503 0.246914 0.019316 0.020156
0 0.708239 0.246494 0.021836 0.020996
0 0.658688 0.256152 0.020156 0.020156
0 0.675905 0.264970 0.019316 0.020996
0 0.697741 0.269589 0.020996 0.018477
0 0.504157 0.445956 0.023516 0.023516
0 0.013605 0.976065 0.022676 0.021836
0 0.035441 0.974385 0.020996 0.021836
0 0.020744 0.958008 0.023516 0.020996
0 0.414210 0.924834 0.022676 0.018477
0 0.330646 0.832871 0.020156 0.020996
0 0.348283 0.820274 0.020156 0.019316
0 0.330646 0.811455 0.021836 0.020156
0 0.320148 0.784161 0.017637 0.020996
0 0.337365 0.792139 0.018477 0.020156
0 0.357521 0.802637 0.020156 0.019316
0 0.353741 0.784161 0.019316 0.020996
0 0.399933 0.804737 0.017637 0.021836
0 0.145881 0.453683 0.018477 0.018477
0 0.179054 0.465021 0.020996 0.020996
0 0.197951 0.473839 0.018477 0.021836
0 0.216427 0.471739 0.021836 0.020996
0 0.152599 0.480138 0.020156 0.022676
0 0.174435 0.489376 0.021836 0.022676
0 0.202570 0.493575 0.022676 0.022676
0 0.187453 0.505333 0.019316 0.019316
0 0.171076 0.516251 0.021836 0.024355
0 0.187873 0.524649 0.021836 0.020996
0 0.174435 0.538507 0.020156 0.020156
0 0.155539 0.529688 0.022676 0.020996
0 0.166457 0.567061 0.020996 0.020156
0 0.804233 0.211220 0.019316 0.019316
0 0.960863 0.327958 0.020156 0.020996
0 0.958344 0.484589 0.020156 0.021836
0 0.931049 0.448056 0.019316 0.019316
0 0.907533 0.461913 0.019316 0.020156
0 0.871000 0.441337 0.020156 0.020996
0 0.853364 0.437138 0.021836 0.022676
0 0.831948 0.438818 0.020996 0.020996
0 0.851684 0.456034 0.021836 0.020156
0 0.829008 0.458974 0.021836 0.020996
0 0.813471 0.468632 0.020996 0.020156
0 0.793735 0.474091 0.021836 0.022676
0 0.811371 0.490048 0.020156 0.020996
0 0.830688 0.487108 0.020156 0.021836
0 0.846225 0.476610 0.020996 0.019316
0 0.881918 0.489628 0.021836 0.021836
0 0.862602 0.496347 0.023516 0.021836
0 0.878979 0.508524 0.022676 0.022676
0 0.864282 0.524481 0.020156 0.020996
0 0.877719 0.538759 0.020156 0.019316
0 0.820610 0.506005 0.021836 0.019316
0 0.793315 0.509784 0.022676 0.020156
0 0.775258 0.501806 0.021836 0.020996
0 0.792055 0.537499 0.023516 0.018477
0 0.799194 0.582850 0.020996 0.020156
0 0.826909 0.572352 0.020996 0.020996
0 0.845385 0.590829 0.022676 0.019316
0 0.572856 0.797598 0.018477 0.017637
0 0.598471 0.771983 0.019316 0.020156
0 0.657680 0.741329 0.018477 0.019316
0 0.667339 0.766524 0.017637 0.020996
0 0.651382 0.777022 0.017637 0.020156
0 0.640044 0.794239 0.018477 0.020996
0 0.645923 0.830772 0.018477 0.018477
0 0.668178 0.785000 0.019316 0.017637
0 0.687075 0.782061 0.020156 0.020156
0 0.697993 0.764004 0.018477 0.019316
0 0.700092 0.797178 0.020996 0.020156
0 0.682876 0.805157 0.020156 0.020996
0 0.665239 0.803897 0.020156 0.020156
0 0.671538 0.821953 0.020996 0.020996
0 0.704292 0.842530 0.020996 0.021836
0 0.668598 0.862686 0.018477 0.020156