0 0.152867 0.333609 0.057721 0.097174
0 0.244724 0.338578 0.060204 0.096070
0 0.335650 0.340235 0.059583 0.094965
0 0.437438 0.336370 0.058342 0.096070
0 0.150695 0.482131 0.058342 0.093861
0 0.244104 0.502559 0.060204 0.092757
0 0.343719 0.487100 0.058342 0.094965
0 0.436817 0.513050 0.054618 0.093861
0 0.151936 0.638934 0.059583 0.093861
0 0.238518 0.661019 0.060204 0.093861
0 0.335961 0.655498 0.055238 0.091653
0 0.445817 0.617953 0.056480 0.096070
0 0.156591 0.808988 0.056480 0.093861
0 0.230760 0.822792 0.055859 0.090548
0 0.327582 0.816718 0.058342 0.098278
0 0.442403 0.838803 0.055859 0.096070
0 0.531722 0.674650 0.056604 0.098609
0 0.533491 0.768539 0.055425 0.091266
0 0.630778 0.846168 0.057783 0.099659
0 0.741922 0.846692 0.061910 0.102806
0 0.735436 0.693008 0.061910 0.101757
0 0.621934 0.604365 0.056604 0.100708
0 0.642571 0.514672 0.057783 0.095462
0 0.738679 0.522015 0.061321 0.101757
0 0.543514 0.430225 0.057783 0.100708
0 0.546757 0.330566 0.057193 0.096511
0 0.641981 0.334762 0.060142 0.100708
0 0.746050 0.344728 0.061910 0.108051