0 0.151730 0.333960 0.060273 0.096745
0 0.245086 0.340370 0.058307 0.100241
0 0.333202 0.339788 0.058962 0.101407
0 0.436714 0.338622 0.057652 0.099076
0 0.150092 0.480825 0.060928 0.092082
0 0.243776 0.501805 0.059617 0.096745
0 0.343684 0.488984 0.058962 0.096745
0 0.433438 0.459844 0.057652 0.096745
0 0.150092 0.639346 0.059617 0.089751
0 0.238863 0.657995 0.058962 0.094413
0 0.335495 0.656830 0.054376 0.094413
0 0.444903 0.605544 0.055687 0.099076
0 0.155660 0.807192 0.057652 0.094413
0 0.231984 0.822927 0.058307 0.095579
0 0.327961 0.816517 0.058962 0.096745
0 0.531709 0.672565 0.056342 0.097910
0 0.531053 0.766979 0.058962 0.095579
0 0.584120 0.607875 0.056342 0.101407
0 0.623100 0.713361 0.056997 0.102573
0 0.678459 0.690049 0.055031 0.104904
0 0.741680 0.716858 0.060928 0.100241
0 0.742662 0.849153 0.062893 0.103738
0 0.532036 0.228473 0.058307 0.104904
0 0.542846 0.326966 0.058962 0.099076
0 0.643409 0.331046 0.059617 0.104904
0 0.746266 0.345616 0.063548 0.108400
0 0.691562 0.435366 0.060273 0.103738
0 0.738077 0.522786 0.061583 0.103738