0 0.152495 0.333278 0.061445 0.097174
0 0.244352 0.339903 0.060204 0.094965
0 0.334657 0.339903 0.059583 0.101591
0 0.436445 0.339903 0.055859 0.101591
0 0.547853 0.329413 0.058962 0.100487
0 0.149702 0.482351 0.062066 0.097174
0 0.244352 0.502228 0.060204 0.092757
0 0.344278 0.487321 0.056480 0.096070
0 0.437066 0.510510 0.055859 0.096070
0 0.539474 0.513823 0.057100 0.100487
0 0.150943 0.638824 0.058342 0.093861
0 0.237214 0.659252 0.060824 0.094965
0 0.335278 0.654283 0.057100 0.091653
0 0.440169 0.672503 0.057100 0.097174
0 0.532336 0.676368 0.056480 0.098278
0 0.155909 0.810534 0.057100 0.097174
0 0.232560 0.824337 0.058962 0.096070
0 0.327830 0.817712 0.055859 0.100487
0 0.441410 0.834828 0.055859 0.097174
0 0.534198 0.838693 0.056480 0.100487
0 0.631020 0.844324 0.058962 0.101591
0 0.743359 0.846533 0.058962 0.101591
0 0.630089 0.685312 0.054618 0.097174
0 0.733118 0.694146 0.062066 0.101591
0 0.640951 0.517467 0.057721 0.101591
0 0.738083 0.521884 0.063307 0.101591
0 0.642502 0.334161 0.057100 0.099382
0 0.745842 0.345756 0.065169 0.104904