0 0.152261 0.334228 0.060350 0.096265
0 0.244867 0.339165 0.059656 0.096265
0 0.334351 0.339782 0.058269 0.097499
0 0.436321 0.339782 0.059656 0.102435
0 0.149834 0.482327 0.061043 0.091328
0 0.244867 0.501457 0.056881 0.092562
0 0.343022 0.489115 0.058962 0.095030
0 0.434587 0.507010 0.057575 0.096265
0 0.150874 0.638449 0.061737 0.090094
0 0.237236 0.658195 0.058269 0.095030
0 0.155383 0.808763 0.056881 0.095030
0 0.231687 0.823573 0.059656 0.095030
0 0.328454 0.815551 0.057575 0.096265
0 0.335044 0.657578 0.058269 0.096265
0 0.433199 0.661281 0.056188 0.093796
0 0.532395 0.764950 0.056188 0.096265
0 0.531701 0.668068 0.058962 0.090094
0 0.532048 0.229201 0.056881 0.102435
0 0.541412 0.326700 0.060350 0.092562
0 0.642342 0.332253 0.058269 0.101201
0 0.745006 0.347063 0.063818 0.103670
0 0.673904 0.469862 0.058962 0.099967
0 0.738416 0.522314 0.063124 0.106138
0 0.583380 0.607965 0.056881 0.098733
0 0.638873 0.610433 0.054107 0.103670
0 0.691940 0.648075 0.056188 0.104904
0 0.738069 0.704846 0.061043 0.102435
0 0.742578 0.849860 0.061737 0.101201