0 0.152319 0.333260 0.062238 0.096745
0 0.244366 0.339671 0.061583 0.100241
0 0.334119 0.339671 0.060273 0.097910
0 0.437631 0.339088 0.060273 0.101407
0 0.150354 0.483622 0.062238 0.096745
0 0.244693 0.501106 0.059617 0.096745
0 0.342309 0.489450 0.058307 0.096745
0 0.433700 0.507517 0.060273 0.097910
0 0.151992 0.638646 0.057652 0.094413
0 0.237487 0.659627 0.060928 0.096745
0 0.335102 0.657879 0.056997 0.097910
0 0.155595 0.809640 0.055687 0.095579
0 0.231918 0.824792 0.058962 0.095579
0 0.326913 0.817799 0.057652 0.100241
0 0.441889 0.842859 0.054376 0.099076
0 0.532822 0.670467 0.055687 0.095579
0 0.533477 0.765463 0.055687 0.094413
0 0.629127 0.718840 0.056997 0.101407
0 0.744431 0.847638 0.062238 0.104904
0 0.735915 0.694945 0.066169 0.109566
0 0.565907 0.528265 0.056342 0.102573
0 0.620938 0.526516 0.056342 0.103738
0 0.668436 0.471733 0.058307 0.103738
0 0.739518 0.521854 0.061583 0.106069
0 0.747052 0.344683 0.063548 0.106069
0 0.643868 0.331279 0.058962 0.104904
0 0.532495 0.226958 0.057652 0.101407
0 0.542649 0.327782 0.056997 0.100241