0 0.151764 0.333424 0.061526 0.093957
0 0.244309 0.340722 0.058962 0.095782
0 0.333009 0.339353 0.059988 0.094869
0 0.435552 0.337073 0.059988 0.095782
0 0.149969 0.482113 0.061013 0.099430
0 0.243540 0.501270 0.060500 0.093957
0 0.343519 0.488043 0.059475 0.098518
0 0.435039 0.507199 0.057937 0.100343
0 0.150738 0.638739 0.059475 0.094869
0 0.236362 0.660176 0.058450 0.093957
0 0.335572 0.656527 0.056911 0.095782
0 0.155609 0.809778 0.056911 0.097606
0 0.232260 0.823005 0.058450 0.094869
0 0.328394 0.816163 0.057937 0.099430
0 0.440679 0.840793 0.054861 0.097606
0 0.531942 0.670484 0.054861 0.093045
0 0.532711 0.764441 0.055373 0.093045
0 0.626538 0.670028 0.059475 0.097606
0 0.733439 0.694201 0.063064 0.102167
0 0.741899 0.847908 0.060500 0.099430
0 0.573472 0.541863 0.054861 0.102167
0 0.628076 0.531373 0.057424 0.101255
0 0.673452 0.471623 0.055886 0.100343
0 0.738566 0.520426 0.062039 0.101255
0 0.531429 0.226240 0.054861 0.100343
0 0.542709 0.326126 0.055886 0.099430
0 0.643201 0.332056 0.058962 0.102167
0 0.745488 0.344826 0.062551 0.105816