0 0.153163 0.332994 0.059656 0.098733
0 0.244034 0.339782 0.062431 0.099967
0 0.333865 0.337313 0.061737 0.102435
0 0.150388 0.482944 0.061043 0.095030
0 0.244381 0.501457 0.057575 0.092562
0 0.342536 0.489115 0.056881 0.095030
0 0.151776 0.637832 0.059656 0.093796
0 0.236751 0.659429 0.060350 0.092562
0 0.336987 0.656344 0.058269 0.096265
0 0.155938 0.806295 0.058269 0.097499
0 0.231895 0.822339 0.058962 0.095030
0 0.327622 0.814934 0.061737 0.097499
0 0.518036 0.562424 0.056881 0.097499
0 0.582200 0.606854 0.054800 0.104904
0 0.532256 0.668562 0.054800 0.099967
0 0.527053 0.762358 0.059656 0.097499
0 0.580466 0.757422 0.056881 0.102435
0 0.557575 0.844430 0.054107 0.101201
0 0.743479 0.848133 0.059656 0.103670
0 0.742092 0.723482 0.062431 0.103670
0 0.431326 0.239691 0.058269 0.098733
0 0.455258 0.326700 0.054800 0.095030
0 0.531562 0.227350 0.058962 0.106138
0 0.541967 0.327934 0.060350 0.097499
0 0.643244 0.329168 0.060350 0.102435
0 0.706021 0.397047 0.059656 0.102435
0 0.754578 0.336573 0.062431 0.104904
0 0.738277 0.522931 0.061737 0.102435