0 0.151915 0.333611 0.062431 0.099967
0 0.243479 0.339782 0.059656 0.095030
0 0.331923 0.337313 0.058962 0.097499
0 0.149140 0.481710 0.062431 0.092562
0 0.243133 0.501457 0.058962 0.097499
0 0.342328 0.489732 0.058962 0.098733
0 0.150527 0.638449 0.056881 0.095030
0 0.238277 0.659429 0.057575 0.095030
0 0.335391 0.658812 0.061737 0.098733
0 0.156077 0.806912 0.056881 0.098733
0 0.230647 0.821722 0.057575 0.098733
0 0.328108 0.814317 0.059656 0.093796
0 0.516440 0.563782 0.054800 0.103670
0 0.580952 0.606360 0.057575 0.102435
0 0.531007 0.668686 0.056188 0.098733
0 0.527192 0.763099 0.055494 0.097499
0 0.560488 0.838383 0.055494 0.102435
0 0.593785 0.763716 0.058269 0.103670
0 0.430078 0.237346 0.061043 0.102435
0 0.452275 0.328057 0.054107 0.098733
0 0.533088 0.226856 0.057575 0.103670
0 0.541759 0.324355 0.059656 0.098733
0 0.642619 0.328674 0.058269 0.104904
0 0.705397 0.394702 0.063124 0.103670
0 0.753607 0.335462 0.061043 0.113543
0 0.737306 0.524042 0.061737 0.103670
0 0.743202 0.723359 0.062431 0.109840
0 0.742161 0.851095 0.060350 0.106138