0 0.151730 0.332211 0.064203 0.100241
0 0.244104 0.339788 0.061583 0.096745
0 0.333857 0.339788 0.057652 0.099076
0 0.435731 0.288501 0.058307 0.101407
0 0.439007 0.386994 0.058307 0.100241
0 0.532036 0.228473 0.059617 0.102573
0 0.542191 0.327549 0.057652 0.097910
0 0.148781 0.481990 0.060928 0.094413
0 0.243449 0.502388 0.058962 0.097910
0 0.342702 0.490732 0.058307 0.100241
0 0.150419 0.640511 0.058962 0.092082
0 0.238208 0.658578 0.060273 0.093248
0 0.335495 0.659161 0.056997 0.092082
0 0.155333 0.809523 0.056997 0.094413
0 0.231329 0.822927 0.056997 0.090917
0 0.327634 0.817099 0.060928 0.095579
0 0.501245 0.544933 0.056997 0.101407
0 0.582154 0.609040 0.053721 0.099076
0 0.531381 0.671983 0.055687 0.094413
0 0.531053 0.764065 0.056342 0.096745
0 0.578878 0.818265 0.055031 0.102573
0 0.626703 0.757654 0.056342 0.104904
0 0.742007 0.850319 0.062893 0.106069
0 0.741680 0.720938 0.062238 0.108400
0 0.739059 0.523369 0.059617 0.102573
0 0.643737 0.328714 0.058962 0.104904
0 0.753800 0.337456 0.061583 0.108400
0 0.705320 0.396902 0.061583 0.103738