0 0.152778 0.333960 0.060273 0.099076
0 0.244169 0.340953 0.059617 0.101407
0 0.333595 0.339788 0.057652 0.099076
0 0.436779 0.337456 0.055687 0.099076
0 0.149830 0.484321 0.060928 0.094413
0 0.244824 0.500057 0.056997 0.093248
0 0.343095 0.488401 0.058307 0.093248
0 0.434159 0.507633 0.055687 0.096745
0 0.150812 0.639929 0.060273 0.093248
0 0.237618 0.659161 0.059617 0.094413
0 0.335888 0.657413 0.056997 0.093248
0 0.435797 0.712778 0.055031 0.094413
0 0.155726 0.809523 0.055687 0.094413
0 0.231722 0.821179 0.056997 0.096745
0 0.328027 0.816517 0.056997 0.096745
0 0.532298 0.673032 0.055687 0.097910
0 0.531971 0.766862 0.057652 0.094413
0 0.586675 0.604844 0.055687 0.103738
0 0.741287 0.847288 0.058307 0.106069
0 0.638758 0.572790 0.056342 0.102573
0 0.681014 0.636898 0.058307 0.102573
0 0.735063 0.697509 0.064203 0.104904
0 0.673808 0.471966 0.059617 0.106069
0 0.737683 0.522087 0.064203 0.106069
0 0.532953 0.228356 0.055687 0.108400
0 0.542125 0.327432 0.058307 0.096745
0 0.642361 0.332095 0.062238 0.106069
0 0.744890 0.346082 0.064203 0.108400