0 0.151992 0.333260 0.062893 0.096745
0 0.245021 0.339088 0.060273 0.099076
0 0.333792 0.340254 0.059617 0.101407
0 0.436321 0.339088 0.060273 0.099076
0 0.150026 0.483622 0.058962 0.092082
0 0.243711 0.501106 0.061583 0.089751
0 0.342309 0.488867 0.059617 0.093248
0 0.433373 0.505186 0.059617 0.097910
0 0.507731 0.514510 0.057652 0.095579
0 0.151992 0.640395 0.061583 0.095579
0 0.237487 0.659627 0.060928 0.096745
0 0.335102 0.659044 0.058307 0.097910
0 0.155922 0.810222 0.057652 0.092082
0 0.232573 0.824792 0.058962 0.097910
0 0.327568 0.818382 0.060273 0.099076
0 0.441234 0.840528 0.055687 0.096745
0 0.532298 0.671283 0.054376 0.099076
0 0.532298 0.764531 0.056997 0.092082
0 0.630896 0.843209 0.057652 0.102573
0 0.741614 0.846705 0.062893 0.104904
0 0.733753 0.691098 0.062893 0.101407
0 0.609604 0.520921 0.055687 0.099076
0 0.656119 0.467887 0.058307 0.102573
0 0.738339 0.522087 0.061583 0.103738
0 0.537867 0.258662 0.057652 0.101407
0 0.545073 0.358321 0.057652 0.100241
0 0.642689 0.330929 0.061583 0.101407
0 0.746200 0.346082 0.064203 0.108400