0 0.152955 0.330525 0.058962 0.095030
0 0.242786 0.337313 0.058269 0.093796
0 0.332617 0.337313 0.058962 0.098733
0 0.149834 0.481093 0.061043 0.092562
0 0.243826 0.499605 0.058962 0.092562
0 0.341634 0.487264 0.054800 0.095030
0 0.150874 0.637214 0.057575 0.091328
0 0.237236 0.657578 0.059656 0.092562
0 0.334698 0.656344 0.058962 0.095030
0 0.155730 0.808763 0.056188 0.093796
0 0.231340 0.821104 0.057575 0.088860
0 0.327067 0.816168 0.058962 0.093796
0 0.516301 0.562301 0.054800 0.102435
0 0.581507 0.608582 0.054800 0.101201
0 0.531215 0.668439 0.054107 0.099967
0 0.522891 0.763469 0.056881 0.090094
0 0.577345 0.751128 0.056188 0.095030
0 0.555494 0.839370 0.055494 0.093796
0 0.742092 0.724593 0.062431 0.103670
0 0.743826 0.851712 0.060350 0.101201
0 0.430286 0.237716 0.061737 0.097499
0 0.454218 0.326576 0.054107 0.097499
0 0.531562 0.228460 0.057575 0.103670
0 0.541620 0.323491 0.058269 0.101201
0 0.642897 0.330279 0.058269 0.104904
0 0.754925 0.337066 0.060350 0.106138
0 0.705674 0.398157 0.061737 0.104904
0 0.737930 0.522808 0.062431 0.104904