0 0.152929 0.334824 0.059583 0.096070
0 0.243856 0.340897 0.061445 0.094965
0 0.334161 0.340345 0.059583 0.098278
0 0.436879 0.338136 0.056480 0.098278
0 0.149826 0.482572 0.058342 0.096070
0 0.243856 0.501345 0.057721 0.096070
0 0.344091 0.488646 0.059583 0.092757
0 0.433776 0.502449 0.057721 0.096070
0 0.494600 0.531159 0.055238 0.096070
0 0.150137 0.641032 0.060204 0.090548
0 0.237028 0.659804 0.060204 0.094965
0 0.334782 0.657044 0.058342 0.093861
0 0.155102 0.808878 0.057721 0.094965
0 0.231442 0.822129 0.057721 0.097174
0 0.327644 0.817160 0.057721 0.093861
0 0.441534 0.839797 0.055859 0.094965
0 0.531840 0.670847 0.055238 0.094965
0 0.533702 0.763052 0.055238 0.098278
0 0.630524 0.846533 0.057721 0.104904
0 0.741931 0.847637 0.063307 0.107112
0 0.735104 0.693594 0.062066 0.103799
0 0.610973 0.537343 0.055859 0.098278
0 0.653178 0.476609 0.059583 0.102695
0 0.737587 0.521884 0.063307 0.102695
0 0.540529 0.267906 0.057721 0.098278
0 0.544873 0.366736 0.057721 0.101591
0 0.642006 0.331953 0.059583 0.102695
0 0.745345 0.346308 0.063928 0.107112