0 0.152889 0.334238 0.059552 0.092315
0 0.244281 0.341056 0.060731 0.097560
0 0.333903 0.339483 0.058373 0.098609
0 0.437382 0.339483 0.057783 0.098609
0 0.148762 0.482676 0.060731 0.097560
0 0.245460 0.501559 0.057193 0.091266
0 0.344222 0.488446 0.057783 0.096511
0 0.435024 0.508902 0.058962 0.099659
0 0.152005 0.640452 0.058962 0.093364
0 0.156132 0.809871 0.054245 0.094413
0 0.231899 0.821935 0.058373 0.095462
0 0.237500 0.659334 0.058962 0.093364
0 0.335377 0.657761 0.056604 0.096511
0 0.328302 0.817214 0.056604 0.094413
0 0.437382 0.761091 0.055425 0.099659
0 0.532901 0.672342 0.054245 0.097560
0 0.531427 0.767805 0.054835 0.095462
0 0.742217 0.849105 0.058962 0.104904
0 0.590684 0.599434 0.057783 0.100708
0 0.649351 0.642445 0.057193 0.102806
0 0.734847 0.698568 0.061910 0.097560
0 0.634906 0.544360 0.056604 0.095462
0 0.737500 0.520232 0.063679 0.105953
0 0.675590 0.469354 0.057783 0.100708
0 0.745755 0.345567 0.062500 0.104904
0 0.643160 0.331930 0.058962 0.102806
0 0.542040 0.325111 0.058373 0.101757
0 0.531722 0.224928 0.055425 0.098609