0 0.151533 0.333294 0.061321 0.097560
0 0.244988 0.338539 0.060731 0.095462
0 0.334021 0.338014 0.059552 0.096511
0 0.436910 0.338539 0.056604 0.097560
0 0.150649 0.483306 0.059552 0.093364
0 0.244399 0.499566 0.058373 0.092315
0 0.342866 0.485928 0.057193 0.094413
0 0.433962 0.506385 0.056604 0.097560
0 0.150943 0.639088 0.056604 0.090217
0 0.236439 0.659020 0.060142 0.092315
0 0.335495 0.657446 0.056604 0.093364
0 0.155660 0.808822 0.057783 0.092315
0 0.231427 0.823509 0.057193 0.090217
0 0.327830 0.818263 0.056604 0.094413
0 0.440153 0.806724 0.054835 0.094413
0 0.532370 0.671293 0.056014 0.095462
0 0.532370 0.766231 0.057193 0.096511
0 0.742571 0.848580 0.061321 0.103855
0 0.736085 0.699093 0.062500 0.102806
0 0.587500 0.586321 0.054245 0.097560
0 0.634965 0.639822 0.054835 0.095462
0 0.636733 0.542262 0.056014 0.097560
0 0.738443 0.522330 0.061321 0.099659
0 0.675354 0.469354 0.057783 0.100708
0 0.746108 0.344518 0.062500 0.107002
0 0.643219 0.330356 0.057193 0.099659
0 0.542099 0.325636 0.056604 0.098609
0 0.533255 0.226502 0.057783 0.097560