0 0.151009 0.333843 0.060928 0.095579
0 0.244038 0.340254 0.060928 0.094413
0 0.333464 0.341419 0.058962 0.099076
0 0.436976 0.340254 0.057652 0.099076
0 0.149371 0.483622 0.060273 0.094413
0 0.244366 0.501106 0.057652 0.096745
0 0.341654 0.488867 0.059617 0.093248
0 0.433045 0.485371 0.058962 0.097910
0 0.151336 0.640395 0.058962 0.090917
0 0.237159 0.660210 0.058962 0.093248
0 0.336412 0.659627 0.058307 0.094413
0 0.436648 0.615335 0.054376 0.099076
0 0.155922 0.809406 0.058962 0.095579
0 0.230608 0.823394 0.056342 0.090917
0 0.327568 0.817566 0.060273 0.097910
0 0.531578 0.672798 0.056342 0.097910
0 0.532233 0.767212 0.055031 0.093248
0 0.583006 0.609856 0.055687 0.102573
0 0.628538 0.687368 0.057652 0.101407
0 0.686845 0.678044 0.060273 0.099076
0 0.742204 0.848804 0.060928 0.102573
0 0.743187 0.714177 0.058962 0.103738
0 0.682914 0.451918 0.062893 0.103738
0 0.738273 0.518940 0.060928 0.100241
0 0.533215 0.229289 0.056997 0.103738
0 0.541077 0.328947 0.058307 0.093248
0 0.642951 0.330696 0.061583 0.101407
0 0.746135 0.344683 0.063548 0.103738