0 0.151468 0.333493 0.062893 0.094413
0 0.243842 0.341070 0.060273 0.097910
0 0.332940 0.340487 0.058962 0.096745
0 0.436779 0.338156 0.055687 0.096745
0 0.150812 0.483272 0.058962 0.093248
0 0.242859 0.501922 0.058307 0.095579
0 0.343095 0.488518 0.056997 0.094413
0 0.434159 0.439563 0.055687 0.096745
0 0.150157 0.640045 0.060273 0.094413
0 0.237618 0.660443 0.056997 0.093248
0 0.335888 0.657529 0.056997 0.092082
0 0.155398 0.810222 0.057652 0.092082
0 0.232377 0.821878 0.058307 0.094413
0 0.326716 0.816633 0.056997 0.097910
0 0.454796 0.599832 0.053721 0.095579
0 0.531840 0.673381 0.053721 0.096745
0 0.531840 0.765463 0.056342 0.096745
0 0.583268 0.608691 0.055687 0.102573
0 0.617662 0.735741 0.056342 0.102573
0 0.671384 0.697859 0.055031 0.108400
0 0.740828 0.717674 0.060273 0.101407
0 0.743121 0.847638 0.059617 0.104904
0 0.532167 0.226958 0.053066 0.106069
0 0.542649 0.326616 0.056997 0.097910
0 0.642558 0.330113 0.060273 0.104904
0 0.746397 0.345849 0.062238 0.106069
0 0.698572 0.420447 0.059617 0.103738
0 0.738208 0.523019 0.060273 0.106069