0 0.152015 0.333988 0.061106 0.096321
0 0.244747 0.339710 0.058962 0.096321
0 0.333994 0.339234 0.058426 0.099182
0 0.437446 0.338280 0.059498 0.097274
0 0.149603 0.482761 0.059498 0.094413
0 0.243407 0.499927 0.058426 0.094413
0 0.344715 0.487529 0.058426 0.094413
0 0.437446 0.510894 0.057354 0.097274
0 0.150407 0.638209 0.058962 0.092506
0 0.237511 0.657759 0.058426 0.093460
0 0.336675 0.654898 0.055210 0.091552
0 0.440663 0.671588 0.054138 0.094413
0 0.156572 0.808630 0.056282 0.095367
0 0.231882 0.823889 0.054674 0.095367
0 0.327562 0.816736 0.057354 0.098228
0 0.443879 0.836763 0.054138 0.094413
0 0.535324 0.794230 0.054138 0.096321
0 0.630735 0.842867 0.055210 0.096321
0 0.741692 0.846205 0.060570 0.102996
0 0.530232 0.676451 0.055746 0.099182
0 0.626983 0.654517 0.057354 0.099182
0 0.734187 0.691710 0.063786 0.104904
0 0.540684 0.479042 0.054138 0.097274
0 0.640652 0.516712 0.057890 0.102043
0 0.737136 0.519573 0.061106 0.103950
0 0.546580 0.329315 0.055210 0.099182
0 0.642260 0.331700 0.057890 0.100135
0 0.744372 0.343620 0.063786 0.104904