0 0.151336 0.331745 0.062893 0.102573
0 0.243383 0.339904 0.062238 0.095579
0 0.333464 0.337573 0.058962 0.095579
0 0.433373 0.250153 0.059617 0.102573
0 0.449423 0.345149 0.055031 0.096745
0 0.149699 0.482107 0.060928 0.095579
0 0.242728 0.501922 0.059617 0.093248
0 0.341326 0.488518 0.058962 0.094413
0 0.151336 0.640045 0.056342 0.092082
0 0.236832 0.659278 0.059617 0.093248
0 0.334447 0.660443 0.056997 0.095579
0 0.155595 0.809640 0.056997 0.093248
0 0.230936 0.824209 0.056997 0.096745
0 0.327241 0.816633 0.058307 0.097910
0 0.516903 0.564864 0.056342 0.102573
0 0.580778 0.606826 0.055687 0.097910
0 0.531971 0.672682 0.057652 0.096745
0 0.527385 0.765347 0.053721 0.095579
0 0.566365 0.832369 0.054376 0.101407
0 0.605673 0.768261 0.055687 0.101407
0 0.740632 0.723385 0.063548 0.104904
0 0.741287 0.848687 0.059617 0.106069
0 0.531316 0.228823 0.056342 0.101407
0 0.542125 0.326733 0.060928 0.099076
0 0.643671 0.328481 0.060928 0.104904
0 0.706564 0.396669 0.062238 0.106069
0 0.754389 0.339554 0.062238 0.106069
0 0.738011 0.523136 0.063548 0.102573