0 0.151440 0.332836 0.062066 0.099382
0 0.244228 0.340014 0.057721 0.096070
0 0.333292 0.339462 0.059583 0.097174
0 0.435700 0.339462 0.057100 0.103799
0 0.149888 0.484118 0.060204 0.094965
0 0.244228 0.502338 0.057721 0.096070
0 0.343533 0.488535 0.056480 0.094965
0 0.434769 0.507860 0.058962 0.096070
0 0.152061 0.638713 0.058342 0.090548
0 0.238332 0.659694 0.058342 0.092757
0 0.336395 0.658037 0.058342 0.096070
0 0.434148 0.687852 0.056480 0.098278
0 0.155474 0.810424 0.060204 0.098278
0 0.231504 0.822571 0.058342 0.096070
0 0.328016 0.817602 0.056480 0.099382
0 0.531033 0.671288 0.057100 0.100487
0 0.530722 0.767358 0.057721 0.096070
0 0.585340 0.606138 0.056480 0.102695
0 0.639027 0.589022 0.055859 0.101591
0 0.742987 0.849073 0.062686 0.104904
0 0.689610 0.645339 0.060204 0.103799
0 0.738021 0.702207 0.062686 0.104904
0 0.739263 0.522767 0.057721 0.103799
0 0.675956 0.470867 0.060204 0.103799
0 0.532274 0.226828 0.055859 0.101591
0 0.542205 0.326211 0.059583 0.103799
0 0.643061 0.331180 0.060204 0.102695
0 0.744538 0.343879 0.062066 0.108216