0 0.151091 0.334268 0.063384 0.095725
0 0.243219 0.340168 0.061910 0.099659
0 0.332031 0.337546 0.062647 0.099659
0 0.436689 0.310009 0.059699 0.102281
0 0.437058 0.406389 0.060436 0.093102
0 0.150354 0.481788 0.058962 0.094413
0 0.243219 0.501458 0.060436 0.094413
0 0.341981 0.488345 0.058962 0.097036
0 0.151459 0.640455 0.059699 0.097036
0 0.237323 0.660125 0.060436 0.094413
0 0.336453 0.659469 0.059699 0.098347
0 0.156250 0.808957 0.058962 0.093102
0 0.232164 0.824037 0.057488 0.091791
0 0.328346 0.814202 0.056751 0.090479
0 0.484965 0.563744 0.056014 0.098347
0 0.531692 0.673238 0.056014 0.091791
0 0.584021 0.608984 0.056014 0.099659
0 0.531692 0.766995 0.054540 0.098347
0 0.596919 0.797155 0.058225 0.106215
0 0.645195 0.736835 0.057488 0.103592
0 0.741377 0.721756 0.061173 0.102281
0 0.742851 0.849607 0.062647 0.103592
0 0.532798 0.226610 0.056751 0.104904
0 0.542748 0.323646 0.056014 0.097036
0 0.643352 0.329547 0.061173 0.103592
0 0.753906 0.338070 0.059699 0.104904
0 0.705999 0.397079 0.061173 0.107526
0 0.738060 0.521652 0.061910 0.104904