0 0.151617 0.333508 0.060647 0.097910
0 0.243991 0.341198 0.060085 0.097306
0 0.332603 0.341748 0.061433 0.100403
0 0.436770 0.339150 0.060422 0.097206
0 0.546945 0.329759 0.057278 0.099204
0 0.641509 0.334404 0.063679 0.102501
0 0.744721 0.347193 0.064915 0.102101
0 0.149680 0.483215 0.061152 0.098609
0 0.243430 0.500354 0.058962 0.093914
0 0.343385 0.489112 0.058962 0.099404
0 0.435759 0.511344 0.058401 0.095912
0 0.538241 0.513442 0.055593 0.100907
0 0.640442 0.518635 0.058962 0.103300
0 0.737871 0.519437 0.061770 0.104904
0 0.149090 0.640024 0.062332 0.095508
0 0.237534 0.661005 0.060647 0.095508
0 0.334400 0.654910 0.058962 0.099304
0 0.439409 0.670496 0.055593 0.099713
0 0.530829 0.676490 0.056941 0.098105
0 0.630335 0.685232 0.057839 0.101602
0 0.156110 0.809271 0.057278 0.095912
0 0.231637 0.824257 0.057839 0.095912
0 0.327942 0.816764 0.058401 0.096911
0 0.442779 0.836746 0.057839 0.098909
0 0.534535 0.840242 0.056716 0.099908
0 0.631402 0.845238 0.058401 0.101906
0 0.741465 0.845238 0.061770 0.105903
0 0.734445 0.692878 0.062332 0.100907