0 0.153007 0.332874 0.059552 0.093364
0 0.244693 0.339693 0.060142 0.096511
0 0.334316 0.339168 0.057783 0.095462
0 0.436026 0.338119 0.059552 0.099659
0 0.148880 0.481313 0.059552 0.094413
0 0.244399 0.500195 0.058373 0.094413
0 0.342866 0.488131 0.057193 0.093364
0 0.434847 0.507539 0.056014 0.096511
0 0.151238 0.638353 0.057193 0.087070
0 0.237323 0.658810 0.058373 0.092315
0 0.335200 0.656712 0.056014 0.092315
0 0.155366 0.809347 0.057193 0.091266
0 0.231427 0.822984 0.057193 0.093364
0 0.327241 0.815116 0.056604 0.092315
0 0.437500 0.782072 0.054245 0.095462
0 0.532193 0.671923 0.055425 0.099659
0 0.532193 0.767910 0.054245 0.090217
0 0.743278 0.849734 0.061321 0.100708
0 0.734729 0.697624 0.061910 0.100708
0 0.589092 0.600588 0.051297 0.097560
0 0.640979 0.639927 0.053656 0.098609
0 0.634788 0.542891 0.057783 0.095462
0 0.738267 0.520861 0.064269 0.101757
0 0.675472 0.470508 0.060142 0.099659
0 0.542512 0.325740 0.054835 0.099659
0 0.531309 0.226082 0.056014 0.099659
0 0.642453 0.330986 0.060142 0.103855
0 0.745637 0.344099 0.062500 0.102806