0 0.152796 0.335206 0.061208 0.093914
0 0.245171 0.340202 0.059524 0.095912
0 0.333333 0.339202 0.058401 0.095912
0 0.430481 0.238295 0.058401 0.099908
0 0.453785 0.326714 0.055593 0.098909
0 0.532963 0.225807 0.057839 0.102906
0 0.541667 0.322218 0.058401 0.099908
0 0.148866 0.481572 0.062332 0.092915
0 0.243205 0.501553 0.056716 0.092915
0 0.342037 0.489564 0.057839 0.090917
0 0.151112 0.638927 0.058962 0.093914
0 0.237028 0.656911 0.058962 0.095912
0 0.335299 0.658409 0.058962 0.096911
0 0.157008 0.808771 0.056155 0.093914
0 0.231974 0.823758 0.058962 0.095912
0 0.327999 0.815765 0.058962 0.097910
0 0.517127 0.561998 0.055593 0.097910
0 0.581143 0.604958 0.055593 0.103905
0 0.531447 0.667401 0.053908 0.094913
0 0.522181 0.758817 0.055593 0.093914
0 0.577493 0.749825 0.056155 0.099908
0 0.554751 0.836746 0.056716 0.093914
0 0.742307 0.848735 0.062332 0.103905
0 0.742026 0.721352 0.062893 0.106902
0 0.738657 0.525032 0.061770 0.103905
0 0.642633 0.330211 0.059524 0.099908
0 0.705806 0.397649 0.058962 0.104904
0 0.754099 0.335706 0.063455 0.106902