0 0.157102 0.807775 0.058962 0.097910
0 0.233753 0.824093 0.056342 0.093248
0 0.328092 0.817099 0.057652 0.097910
0 0.150550 0.638763 0.061583 0.093248
0 0.237356 0.659161 0.059617 0.094413
0 0.335299 0.657995 0.060273 0.092082
0 0.149895 0.481990 0.061583 0.094413
0 0.243907 0.498891 0.058307 0.097910
0 0.341523 0.488984 0.059617 0.096745
0 0.152188 0.332211 0.060928 0.093248
0 0.243907 0.338039 0.062238 0.097910
0 0.333988 0.338622 0.061583 0.099076
0 0.430949 0.237215 0.060273 0.103738
0 0.455189 0.326383 0.055031 0.097910
0 0.532167 0.227307 0.058307 0.104904
0 0.542977 0.325218 0.058962 0.100241
0 0.643213 0.328714 0.057652 0.100241
0 0.755241 0.336291 0.062893 0.110732
0 0.704140 0.395736 0.060273 0.106069
0 0.517099 0.562416 0.054376 0.096745
0 0.581630 0.605544 0.056342 0.101407
0 0.531184 0.667903 0.056342 0.097910
0 0.524306 0.765230 0.055687 0.094413
0 0.554442 0.838663 0.056997 0.106069
0 0.579009 0.752992 0.055031 0.095579
0 0.738535 0.523369 0.060928 0.102573
0 0.742794 0.722686 0.062893 0.104904
0 0.742794 0.847405 0.060273 0.102573