0 0.152182 0.333189 0.061910 0.095462
0 0.244458 0.340532 0.058962 0.099659
0 0.334375 0.341581 0.059552 0.099659
0 0.436085 0.339483 0.058962 0.099659
0 0.149823 0.483725 0.060731 0.092315
0 0.245637 0.501559 0.057783 0.092315
0 0.344104 0.488446 0.058962 0.095462
0 0.433726 0.501559 0.058962 0.098609
0 0.472052 0.569222 0.054245 0.091266
0 0.151297 0.640032 0.057783 0.092315
0 0.237972 0.660488 0.058962 0.093364
0 0.334965 0.658915 0.058373 0.096511
0 0.156604 0.811025 0.057783 0.094413
0 0.231781 0.825187 0.057193 0.091266
0 0.327005 0.818368 0.060142 0.092315
0 0.441392 0.842496 0.057783 0.098609
0 0.544114 0.294570 0.058731 0.099849
0 0.545745 0.391516 0.056774 0.096366
0 0.641347 0.333465 0.060037 0.103332
0 0.745432 0.345656 0.064605 0.104493
0 0.647220 0.491365 0.058731 0.098688
0 0.614592 0.568574 0.057426 0.097527
0 0.738580 0.521552 0.058731 0.103332
0 0.533020 0.669003 0.056121 0.098688
0 0.533346 0.763627 0.056774 0.099849
0 0.630906 0.847222 0.057426 0.099849
0 0.733686 0.692804 0.063299 0.104493
0 0.743474 0.844900 0.059384 0.102171