0 0.151336 0.332209 0.061208 0.097910
0 0.244553 0.340701 0.058962 0.098909
0 0.334400 0.339702 0.058962 0.098909
0 0.436602 0.337204 0.057839 0.097910
0 0.149933 0.483070 0.060647 0.095912
0 0.243711 0.501553 0.056155 0.094913
0 0.343385 0.488565 0.057839 0.092915
0 0.435198 0.504051 0.053908 0.095912
0 0.462713 0.586475 0.053908 0.096911
0 0.151617 0.638927 0.059524 0.085921
0 0.236972 0.659408 0.056155 0.094913
0 0.335804 0.656411 0.056155 0.094913
0 0.155829 0.809770 0.056716 0.091916
0 0.231357 0.825256 0.058401 0.090917
0 0.327662 0.817264 0.056716 0.096911
0 0.440532 0.841242 0.057839 0.096911
0 0.531464 0.669966 0.054138 0.099182
0 0.532536 0.765810 0.054138 0.094413
0 0.629288 0.845442 0.057890 0.095367
0 0.741852 0.846872 0.062178 0.103950
0 0.733544 0.692378 0.062714 0.102043
0 0.615620 0.578414 0.058426 0.102996
0 0.544597 0.305664 0.055746 0.099182
0 0.544061 0.402939 0.057890 0.097274
0 0.641349 0.332367 0.059498 0.099182
0 0.744801 0.346672 0.061642 0.104904
0 0.644833 0.496398 0.055746 0.099182
0 0.737564 0.521194 0.063250 0.102996