0 0.151828 0.332825 0.060436 0.094413
0 0.244693 0.340037 0.058962 0.098347
0 0.333137 0.340037 0.061910 0.098347
0 0.436321 0.340037 0.058962 0.100970
0 0.148880 0.483362 0.061910 0.094413
0 0.243588 0.499753 0.059699 0.095725
0 0.343455 0.487296 0.057488 0.097036
0 0.151091 0.639406 0.057488 0.094413
0 0.237323 0.658420 0.057488 0.093102
0 0.336085 0.659076 0.058962 0.099659
0 0.433004 0.507621 0.058225 0.098347
0 0.154776 0.807908 0.058962 0.098347
0 0.229953 0.824955 0.058962 0.093102
0 0.327241 0.818398 0.058962 0.100970
0 0.441111 0.842657 0.056751 0.097036
0 0.532503 0.671008 0.056751 0.095725
0 0.532871 0.767389 0.056014 0.099659
0 0.628685 0.770667 0.057488 0.100970
0 0.741819 0.846722 0.061173 0.103592
0 0.733712 0.694612 0.064121 0.100970
0 0.550192 0.523488 0.056751 0.102281
0 0.613208 0.517587 0.054540 0.100970
0 0.662588 0.472347 0.060436 0.104904
0 0.738134 0.520865 0.062647 0.102281
0 0.532134 0.226610 0.056014 0.104904
0 0.542084 0.326269 0.055277 0.097036
0 0.642689 0.331514 0.060436 0.102281
0 0.745136 0.344627 0.063384 0.104904