0 0.151936 0.332615 0.063307 0.093861
0 0.244414 0.339793 0.058342 0.097174
0 0.333478 0.339241 0.057721 0.096070
0 0.150074 0.481137 0.059583 0.094965
0 0.244104 0.500461 0.056480 0.093861
0 0.341857 0.489419 0.059583 0.096070
0 0.150385 0.637388 0.058962 0.091653
0 0.238518 0.659473 0.057721 0.093861
0 0.335961 0.657817 0.058962 0.097174
0 0.155350 0.807442 0.057721 0.096070
0 0.231380 0.822902 0.057100 0.093861
0 0.328203 0.817381 0.054618 0.093861
0 0.516820 0.561857 0.056480 0.098278
0 0.581058 0.606027 0.055859 0.100487
0 0.532026 0.668417 0.054618 0.097174
0 0.522716 0.761947 0.055859 0.096070
0 0.576713 0.752009 0.054618 0.098278
0 0.556231 0.840349 0.057100 0.091653
0 0.743049 0.848631 0.062066 0.106008
0 0.742738 0.722194 0.061445 0.102695
0 0.738394 0.523982 0.061445 0.101591
0 0.430549 0.236877 0.057721 0.101591
0 0.454444 0.325769 0.053376 0.093861
0 0.531405 0.228043 0.055859 0.101591
0 0.542267 0.325217 0.057721 0.097174
0 0.643433 0.329082 0.057721 0.100487
0 0.705809 0.396993 0.060824 0.101591
0 0.754220 0.338468 0.063307 0.101591