0 0.151449 0.333608 0.060085 0.095912
0 0.243823 0.340102 0.061770 0.098909
0 0.333670 0.339103 0.059524 0.096911
0 0.436152 0.338103 0.060085 0.098909
0 0.148922 0.482471 0.060647 0.089917
0 0.243542 0.500454 0.057839 0.093914
0 0.344340 0.488465 0.056155 0.091916
0 0.433625 0.504451 0.059524 0.091916
0 0.483322 0.548410 0.055593 0.099908
0 0.151168 0.640826 0.057278 0.090917
0 0.237365 0.658809 0.058962 0.092915
0 0.335074 0.655312 0.056716 0.093914
0 0.155941 0.808671 0.056716 0.092915
0 0.230907 0.822159 0.058401 0.095912
0 0.327212 0.814166 0.057839 0.095912
0 0.441487 0.841142 0.056155 0.097910
0 0.532738 0.670398 0.054470 0.094913
0 0.533300 0.763813 0.056716 0.095912
0 0.629605 0.845737 0.057278 0.099908
0 0.741914 0.846237 0.060647 0.100907
0 0.733771 0.693377 0.063455 0.102906
0 0.611635 0.550009 0.055031 0.099908
0 0.649820 0.481072 0.057278 0.101906
0 0.737702 0.520536 0.063455 0.102906
0 0.540881 0.281755 0.056155 0.100907
0 0.546215 0.379665 0.056716 0.098909
0 0.642239 0.332209 0.058962 0.103905
0 0.745002 0.347195 0.063455 0.105903