0 0.151828 0.333743 0.060436 0.098347
0 0.244693 0.340299 0.060436 0.098347
0 0.333874 0.339644 0.060436 0.099659
0 0.436321 0.338988 0.058962 0.100970
0 0.149617 0.483886 0.060436 0.094413
0 0.243588 0.500933 0.059699 0.097036
0 0.343087 0.489787 0.059699 0.095725
0 0.434478 0.506834 0.056751 0.095725
0 0.151459 0.638750 0.061173 0.090479
0 0.236955 0.659076 0.059699 0.094413
0 0.335348 0.656453 0.058962 0.097036
0 0.155881 0.808563 0.058225 0.094413
0 0.231795 0.823643 0.059699 0.098347
0 0.327978 0.817742 0.058962 0.097036
0 0.441480 0.841346 0.054540 0.097036
0 0.531619 0.671533 0.055277 0.098347
0 0.532724 0.766602 0.056014 0.094413
0 0.631486 0.796762 0.058962 0.097036
0 0.741303 0.846591 0.061910 0.102281
0 0.733933 0.691858 0.063384 0.107526
0 0.738355 0.520734 0.060436 0.100970
0 0.661335 0.472216 0.058225 0.106215
0 0.610849 0.518767 0.056014 0.102281
0 0.534935 0.518767 0.057488 0.099659
0 0.534198 0.234871 0.058962 0.103592
0 0.542674 0.332563 0.059699 0.097036
0 0.643278 0.333218 0.058962 0.100970
0 0.746462 0.345020 0.064858 0.106215