0 0.151533 0.335077 0.063679 0.096511
0 0.244104 0.340847 0.060142 0.097560
0 0.333137 0.341371 0.058962 0.098609
0 0.436910 0.337175 0.058962 0.098609
0 0.149175 0.484040 0.058962 0.094413
0 0.244104 0.501874 0.058962 0.090217
0 0.344929 0.488236 0.060142 0.096511
0 0.437205 0.511840 0.057193 0.093364
0 0.546285 0.329307 0.058373 0.099659
0 0.539210 0.513938 0.057193 0.097560
0 0.152123 0.640347 0.058962 0.092315
0 0.237618 0.659754 0.058962 0.095462
0 0.334906 0.656082 0.057783 0.096511
0 0.440743 0.671818 0.057193 0.094413
0 0.531545 0.676014 0.056014 0.098609
0 0.155071 0.808717 0.057783 0.093364
0 0.232017 0.823928 0.060731 0.094413
0 0.328125 0.817109 0.058373 0.095462
0 0.442512 0.835992 0.058373 0.099659
0 0.533608 0.838615 0.055425 0.096511
0 0.631722 0.845433 0.056604 0.099659
0 0.742276 0.846482 0.060731 0.101757
0 0.630248 0.684406 0.056014 0.098609
0 0.732842 0.692274 0.063090 0.101757
0 0.641450 0.516036 0.058373 0.101757
0 0.737559 0.520756 0.065448 0.102806
0 0.641745 0.333923 0.058962 0.103855
0 0.745519 0.344413 0.063679 0.105953