0 0.030325 0.493673 0.016917 0.024902
0 0.047688 0.491318 0.018698 0.021537
0 0.040565 0.512855 0.016917 0.029614
0 0.057259 0.508144 0.017362 0.022883
0 0.077070 0.500404 0.020479 0.024902
0 0.096213 0.493337 0.020479 0.026922
0 0.057036 0.537421 0.020479 0.026248
0 0.071950 0.523960 0.019143 0.024902
0 0.094432 0.516893 0.019588 0.024229
0 0.113130 0.521268 0.017807 0.026248
0 0.088200 0.540786 0.018698 0.024902
0 0.071282 0.555593 0.019588 0.024902
0 0.055478 0.570736 0.021814 0.025575
0 0.071728 0.592610 0.019588 0.024902
0 0.084193 0.577803 0.019588 0.024902
0 0.099997 0.568381 0.019143 0.024902
0 0.106230 0.545497 0.019143 0.024902
0 0.129602 0.540113 0.019588 0.024902
0 0.122479 0.562996 0.018698 0.023556
0 0.115133 0.586889 0.018253 0.024229
0 0.098216 0.600686 0.020033 0.024902
0 0.127153 0.611119 0.020033 0.025575
0 0.136725 0.587562 0.019588 0.025575
0 0.144738 0.564679 0.019588 0.024229
0 0.149858 0.540450 0.020033 0.025575
0 0.137838 0.638040 0.020924 0.025575
0 0.153865 0.655203 0.019143 0.024902
0 0.173675 0.660923 0.018698 0.025575
0 0.148077 0.616839 0.018253 0.023556
0 0.155200 0.595639 0.019143 0.024229
0 0.163436 0.572755 0.019588 0.025575
0 0.169891 0.548863 0.019143 0.026248
0 0.179240 0.505452 0.020924 0.025575
0 0.195267 0.514201 0.018253 0.024229
0 0.187031 0.535402 0.019588 0.024902
0 0.186586 0.559968 0.018698 0.025575
0 0.181021 0.584197 0.019143 0.025575
0 0.172785 0.608426 0.019588 0.025575
0 0.164104 0.631310 0.019143 0.024229
0 0.181689 0.638713 0.018698 0.025575
0 0.190815 0.619195 0.019143 0.025575
0 0.197938 0.597321 0.018253 0.023556
0 0.212184 0.617849 0.020033 0.024229
0 0.227988 0.632656 0.018698 0.025575
0 0.246463 0.640732 0.018253 0.025575
0 0.253364 0.616503 0.018698 0.024229
0 0.226875 0.606744 0.019143 0.024902
0 0.213965 0.586216 0.019143 0.025575
0 0.205951 0.565015 0.019143 0.026248
0 0.228656 0.567708 0.019143 0.026248
0 0.242234 0.592274 0.018698 0.025575
0 0.260932 0.594629 0.018698 0.027595
0 0.279407 0.598331 0.017362 0.025575
0 0.209513 0.540113 0.020033 0.024902
0 0.228656 0.540786 0.019143 0.026248
0 0.217304 0.517230 0.020479 0.023556
0 0.210848 0.492664 0.018253 0.025575
0 0.240676 0.519922 0.017362 0.026248
0 0.247799 0.567035 0.018253 0.024902
0 0.250025 0.540113 0.018253 0.024902
0 0.266497 0.572755 0.019143 0.025575
0 0.286308 0.574775 0.018698 0.025575
0 0.303447 0.578140 0.017362 0.026922
0 0.235334 0.494683 0.019143 0.025575
0 0.223759 0.475165 0.019143 0.024229
0 0.213297 0.450262 0.018698 0.024229
0 0.210403 0.425360 0.019143 0.025575
0 0.227988 0.438148 0.017807 0.024229
0 0.239118 0.455310 0.018698 0.024902
0 0.250693 0.476511 0.018698 0.026922
0 0.255812 0.500740 0.018253 0.025575
0 0.264048 0.523624 0.017807 0.022883
0 0.272062 0.546507 0.018698 0.024229
0 0.291650 0.549872 0.017807 0.025575
0 0.312351 0.555593 0.017362 0.024902
0 0.333052 0.561314 0.017807 0.024229
0 0.225985 0.408198 0.019143 0.027595
0 0.241566 0.421322 0.018253 0.025575
0 0.254922 0.435792 0.019143 0.023556
0 0.265829 0.456993 0.018698 0.024229
0 0.271839 0.481895 0.018253 0.024229
0 0.277626 0.506125 0.018253 0.024229
0 0.288311 0.524970 0.018253 0.024229
0 0.308567 0.529681 0.017807 0.025575
0 0.329491 0.537084 0.017807 0.024229
0 0.351305 0.541123 0.017807 0.026922
0 0.300776 0.506125 0.019143 0.024229
0 0.291872 0.486270 0.017362 0.027595
0 0.314800 0.488626 0.017807 0.025575
0 0.323481 0.513192 0.017362 0.026248
0 0.346408 0.514538 0.017807 0.026248
0 0.336836 0.493673 0.018253 0.027595
0 0.289201 0.460022 0.018253 0.026248
0 0.310348 0.463387 0.018698 0.026248
0 0.330604 0.469108 0.018253 0.025575
0 0.350637 0.473482 0.019143 0.026248
0 0.358873 0.497712 0.017807 0.026248
0 0.366219 0.518239 0.018253 0.026922
0 0.373342 0.540786 0.017362 0.027595
0 0.281188 0.439494 0.018253 0.026922
0 0.303670 0.441513 0.018698 0.026922
0 0.325929 0.444205 0.019588 0.025575
0 0.349079 0.446561 0.018698 0.027595
0 0.339953 0.423677 0.019143 0.027595
0 0.317025 0.420985 0.017807 0.026248
0 0.294989 0.418966 0.018253 0.026248
0 0.272284 0.415938 0.018253 0.028268
0 0.257370 0.402140 0.018698 0.027595
0 0.242012 0.390362 0.018253 0.025575
0 0.229546 0.371517 0.020033 0.026922
0 0.228433 0.343249 0.019588 0.026922
0 0.212852 0.326423 0.019588 0.028268
0 0.244683 0.355364 0.018253 0.026922
0 0.258261 0.370844 0.019588 0.028268
0 0.274065 0.381949 0.018253 0.027595
0 0.288088 0.395073 0.018698 0.026922
0 0.309235 0.398439 0.019143 0.028268
0 0.331049 0.402813 0.018253 0.026248
0 0.355534 0.408198 0.018253 0.028941
0 0.365106 0.428725 0.017807 0.026922
0 0.372674 0.451945 0.017807 0.027595
0 0.372006 0.475165 0.017362 0.025575
0 0.381355 0.497375 0.018253 0.025575
0 0.387588 0.520931 0.017362 0.026922
0 0.395601 0.544488 0.017362 0.025575
0 0.414521 0.557612 0.017807 0.024902
0 0.412963 0.531027 0.017362 0.026922
0 0.404950 0.507134 0.017362 0.026248
0 0.423425 0.514201 0.017807 0.024229
0 0.435668 0.533046 0.017362 0.026922
0 0.433664 0.559295 0.016917 0.025575
0 0.229101 0.312963 0.019143 0.026922
0 0.245573 0.321376 0.017362 0.027595
0 0.259374 0.332144 0.017362 0.024902
0 0.272952 0.348970 0.017807 0.024902
0 0.289201 0.360075 0.016472 0.024229
0 0.303447 0.371181 0.016472 0.022210
0 0.324371 0.377238 0.018253 0.026248
0 0.397827 0.482568 0.017362 0.025575
0 0.421422 0.490308 0.018253 0.024902
0 0.445017 0.508480 0.017362 0.026248
0 0.456814 0.524970 0.016027 0.025575
0 0.455701 0.550209 0.016472 0.024902
0 0.451917 0.575111 0.016917 0.026248
0 0.471505 0.577467 0.016027 0.025575
0 0.475067 0.551218 0.016027 0.024229
0 0.494210 0.559631 0.016027 0.026248
0 0.491539 0.584870 0.016027 0.025575
0 0.511127 0.601023 0.016027 0.025575
0 0.395824 0.456993 0.017807 0.025575
0 0.387142 0.435792 0.017362 0.026248
0 0.384471 0.408871 0.017362 0.026248
0 0.408066 0.436465 0.016472 0.026248
0 0.419418 0.463050 0.016917 0.025575
0 0.440787 0.483241 0.016917 0.024229
0 0.461043 0.483578 0.016472 0.026248
0 0.467944 0.505115 0.016917 0.023556
0 0.478851 0.524970 0.016472 0.025575
0 0.499107 0.533046 0.016917 0.025575
0 0.344404 0.389689 0.017362 0.025575
0 0.339730 0.363104 0.017807 0.024902
0 0.319474 0.350653 0.017362 0.025575
0 0.303892 0.338538 0.016472 0.025575
0 0.288311 0.329789 0.017362 0.026922
0 0.275846 0.313972 0.018253 0.027595
0 0.262268 0.298156 0.017807 0.025575
0 0.244905 0.290079 0.016027 0.025575
0 0.230437 0.283349 0.017362 0.026922
0 0.372229 0.392381 0.016917 0.025575
0 0.361099 0.370844 0.016917 0.025575
0 0.360431 0.346278 0.016472 0.024902
0 0.386475 0.372863 0.016917 0.026922
0 0.406285 0.410217 0.017362 0.024902
0 0.397604 0.389016 0.017807 0.025575
0 0.184582 0.260802 0.019143 0.027595
0 0.189034 0.237582 0.018253 0.026922
0 0.173675 0.230852 0.016917 0.026922
0 0.155200 0.231862 0.018253 0.027595
0 0.167665 0.209315 0.018253 0.025575
0 0.151639 0.202921 0.018253 0.027595
0 0.205061 0.234554 0.016472 0.024902
0 0.215523 0.256091 0.015136 0.026248
0 0.230882 0.252053 0.017362 0.026248
0 0.246018 0.259793 0.016472 0.025575
0 0.262490 0.268206 0.018253 0.027595
0 0.278294 0.282003 0.016917 0.028268
0 0.293208 0.294118 0.016472 0.028268
0 0.308122 0.307578 0.017807 0.028268
0 0.323926 0.324404 0.017362 0.026922
0 0.339062 0.338538 0.017362 0.026922
0 0.378906 0.350316 0.016917 0.026248
0 0.376903 0.325077 0.016472 0.028268
0 0.397827 0.345942 0.016472 0.026922
0 0.406731 0.368488 0.016472 0.026248
0 0.438784 0.456320 0.018253 0.026922
0 0.430325 0.434446 0.016472 0.026248
0 0.426541 0.409207 0.016917 0.025575
0 0.420086 0.385314 0.017362 0.024902
0 0.419641 0.350653 0.015582 0.024229
0 0.400053 0.317674 0.018253 0.028268
0 0.421422 0.323395 0.018253 0.030287
0 0.356647 0.319693 0.017807 0.026922
0 0.342179 0.305223 0.016472 0.027595
0 0.327487 0.292772 0.016472 0.028268
0 0.313241 0.279984 0.016472 0.026922
0 0.299218 0.265850 0.016917 0.026922
0 0.316135 0.248351 0.018698 0.028268
0 0.301667 0.234554 0.017362 0.027595
0 0.283414 0.254072 0.017362 0.027595
0 0.268500 0.240275 0.017807 0.025575
0 0.287198 0.223112 0.016917 0.027595
0 0.271394 0.212007 0.017362 0.026922
0 0.251806 0.233208 0.016472 0.024902
0 0.221088 0.228833 0.017362 0.021537
0 0.236892 0.222103 0.016027 0.026922
0 0.190370 0.212344 0.018253 0.026248
0 0.204393 0.203594 0.018698 0.028941
0 0.221978 0.199219 0.018253 0.028268
0 0.254254 0.201911 0.016917 0.025575
0 0.237782 0.193162 0.016917 0.028268
0 0.177459 0.190806 0.017362 0.024902
0 0.194599 0.182393 0.016917 0.026922
0 0.210403 0.172298 0.018253 0.026922
0 0.227543 0.168596 0.017807 0.028941
0 0.243570 0.162539 0.017807 0.028941
0 0.260487 0.171288 0.017807 0.028941
0 0.129157 0.190133 0.016917 0.026248
0 0.142290 0.175999 0.017362 0.023556
0 0.160988 0.181047 0.018253 0.028268
0 0.171227 0.160183 0.019143 0.026922
0 0.186808 0.153453 0.018253 0.028268
0 0.202835 0.146386 0.018253 0.023556
0 0.219084 0.139992 0.016917 0.028268
0 0.236447 0.137300 0.017807 0.029614
0 0.112685 0.186432 0.016917 0.028268
0 0.094655 0.184076 0.019143 0.028941
0 0.124260 0.167250 0.017807 0.024902
0 0.103113 0.159847 0.019143 0.027595
0 0.151416 0.154462 0.018698 0.026248
0 0.160988 0.133935 0.018253 0.026922
0 0.179018 0.125522 0.017807 0.027595
0 0.200387 0.121483 0.019588 0.027595
0 0.158316 0.105667 0.019143 0.029614
0 0.142067 0.122156 0.017807 0.028941
0 0.133831 0.145713 0.017362 0.027595
0 0.118472 0.140665 0.016917 0.025575
0 0.102446 0.133935 0.017807 0.025575
0 0.122034 0.116099 0.017807 0.026248
0 0.103781 0.107350 0.019588 0.027595
0 0.115579 0.088841 0.019143 0.029614
0 0.495768 0.507807 0.016472 0.024902
0 0.484416 0.487280 0.016027 0.025575
0 0.459485 0.456993 0.016917 0.025575
0 0.451694 0.432427 0.016472 0.024902
0 0.470615 0.439830 0.017807 0.026248
0 0.448356 0.406852 0.016027 0.026248
0 0.440787 0.384978 0.016027 0.025575
0 0.433664 0.362431 0.016917 0.024902
0 0.446352 0.340557 0.017362 0.029614
0 0.454811 0.363777 0.016472 0.027595
0 0.463047 0.386660 0.017807 0.027595
0 0.470170 0.412572 0.016917 0.025575
0 0.480409 0.462377 0.016917 0.024229
0 0.515579 0.574775 0.016917 0.025575
0 0.516692 0.548863 0.017362 0.026248
0 0.515801 0.523960 0.016472 0.024902
0 0.517137 0.497375 0.017362 0.025575
0 0.503781 0.477857 0.017362 0.026922
0 0.499997 0.452282 0.016027 0.025575
0 0.489758 0.430071 0.016027 0.025575
0 0.489090 0.404159 0.017362 0.026248
0 0.484416 0.377911 0.016027 0.026248
0 0.476402 0.356710 0.016027 0.025575
0 0.483525 0.328779 0.016917 0.027595
0 0.497103 0.341903 0.017362 0.026922
0 0.502891 0.362768 0.016472 0.025575
0 0.506898 0.388679 0.015582 0.024902
0 0.509791 0.415938 0.016027 0.025575
0 0.518918 0.438148 0.016472 0.025575
0 0.521589 0.465069 0.016472 0.026922
0 0.531160 0.606744 0.016027 0.026248
0 0.534277 0.580832 0.016917 0.025575
0 0.536725 0.555929 0.017362 0.025575
0 0.532496 0.531364 0.016027 0.026248
0 0.539841 0.508480 0.017362 0.026248
0 0.537393 0.484251 0.016917 0.026248
0 0.538951 0.452282 0.016472 0.026922
0 0.537393 0.427379 0.016027 0.024229
0 0.528712 0.407861 0.015582 0.025575
0 0.526041 0.384305 0.017362 0.025575
0 0.527376 0.360075 0.016472 0.026922
0 0.551639 0.617512 0.015136 0.026248
0 0.553420 0.592274 0.017807 0.024229
0 0.556981 0.568381 0.016917 0.024902
0 0.550971 0.538430 0.017362 0.025575
0 0.559652 0.518576 0.016917 0.024902
0 0.558539 0.493337 0.017362 0.025575
0 0.557649 0.468435 0.017362 0.025575
0 0.558317 0.444205 0.016917 0.026922
0 0.555646 0.417957 0.016917 0.025575
0 0.548745 0.395746 0.017362 0.028268
0 0.542290 0.371181 0.017807 0.027595
0 0.572117 0.631310 0.016917 0.025575
0 0.574343 0.606071 0.016917 0.023556
0 0.578127 0.583188 0.017362 0.022210
0 0.574789 0.558958 0.016917 0.024902
0 0.576124 0.532037 0.017807 0.024902
0 0.577460 0.505115 0.016027 0.024902
0 0.574789 0.480549 0.015136 0.024229
0 0.581244 0.459012 0.017362 0.025575
0 0.575679 0.435792 0.016027 0.026248
0 0.579463 0.413245 0.016472 0.025575
0 0.578127 0.388343 0.017362 0.025575
0 0.593041 0.640059 0.016917 0.025575
0 0.594154 0.615493 0.017362 0.024902
0 0.599942 0.593956 0.017362 0.024902
0 0.594822 0.569727 0.016027 0.022210
0 0.597270 0.544488 0.017362 0.024229
0 0.599274 0.517903 0.017807 0.026248
0 0.595490 0.493337 0.015582 0.024229
0 0.599942 0.460022 0.019143 0.026248
0 0.596825 0.434110 0.017362 0.025575
0 0.600164 0.407861 0.017807 0.026922
0 0.610626 0.656885 0.017362 0.025575
0 0.611516 0.631983 0.017362 0.025575
0 0.619307 0.609773 0.017807 0.024229
0 0.616859 0.585207 0.018253 0.027595
0 0.618417 0.558285 0.017807 0.024902
0 0.619975 0.531700 0.019143 0.025575
0 0.616414 0.508144 0.018253 0.024229
0 0.610849 0.482232 0.019588 0.027595
0 0.618639 0.452282 0.018253 0.028268
0 0.617304 0.427043 0.018253 0.026248
0 0.624649 0.674048 0.017807 0.024902
0 0.626875 0.647126 0.016027 0.024902
0 0.637337 0.627272 0.018253 0.024229
0 0.638228 0.601023 0.017362 0.024229
0 0.636892 0.574438 0.017362 0.024902
0 0.638228 0.550545 0.017362 0.024229
0 0.638228 0.523624 0.017362 0.026922
0 0.634666 0.497039 0.018253 0.026248
0 0.632440 0.472136 0.018253 0.024902
0 0.637337 0.444205 0.018253 0.025575
0 0.639563 0.415938 0.017362 0.025575
0 0.642012 0.685489 0.016917 0.024902
0 0.646241 0.658904 0.017362 0.028268
0 0.656035 0.639050 0.018253 0.026248
0 0.657816 0.613138 0.019143 0.024229
0 0.656925 0.585880 0.018253 0.024902
0 0.657148 0.561987 0.017807 0.025575
0 0.657816 0.536075 0.018253 0.024902
0 0.656035 0.509490 0.017362 0.025575
0 0.651583 0.483914 0.016472 0.025575
0 0.652251 0.458002 0.017807 0.024902
0 0.666052 0.442859 0.018698 0.024229
0 0.650915 0.713084 0.017807 0.024902
0 0.658706 0.692220 0.017362 0.024902
0 0.664716 0.667317 0.018698 0.023556
0 0.675178 0.646117 0.020033 0.026922
0 0.677849 0.618859 0.019143 0.026248
0 0.676959 0.591264 0.019143 0.026248
0 0.677181 0.563333 0.018698 0.025575
0 0.679185 0.537084 0.017362 0.025575
0 0.678294 0.511845 0.018253 0.026248
0 0.672507 0.488962 0.018253 0.023556
0 0.672062 0.464733 0.019143 0.026248
0 0.660710 0.738323 0.018698 0.024229
0 0.671394 0.717122 0.018698 0.026248
0 0.674956 0.693902 0.016917 0.024229
0 0.684527 0.673375 0.018253 0.024902
0 0.697883 0.651164 0.018253 0.026248
0 0.698773 0.626598 0.019143 0.026922
0 0.696325 0.601696 0.017807 0.024229
0 0.696770 0.577130 0.019588 0.027595
0 0.699663 0.551218 0.019143 0.026922
0 0.698550 0.524297 0.018698 0.025575
0 0.694544 0.497039 0.019588 0.027595
0 0.692763 0.471800 0.018698 0.025575
0 0.688534 0.445551 0.018253 0.026922
0 0.673843 0.760197 0.017362 0.024902
0 0.683192 0.739669 0.018253 0.025575
0 0.713242 0.721160 0.000000 0.000673
0 0.690760 0.716449 0.018253 0.026248
0 0.696547 0.693229 0.020033 0.025575
0 0.684972 0.782070 0.018253 0.026922
0 0.697437 0.763898 0.018253 0.025575
0 0.703670 0.739669 0.017362 0.026922
0 0.709680 0.715439 0.016917 0.025575
0 0.696992 0.803271 0.018253 0.026248
0 0.710570 0.789810 0.017807 0.027595
0 0.717026 0.768273 0.019143 0.027595
0 0.721478 0.742024 0.018253 0.026248
0 0.701222 0.831875 0.018698 0.026922
0 0.715913 0.820433 0.018698 0.025575
0 0.720587 0.850047 0.019143 0.026922
0 0.731717 0.829856 0.018253 0.025575
0 0.727042 0.799233 0.018698 0.026248
0 0.739285 0.860479 0.018253 0.026248
0 0.750637 0.841634 0.019588 0.028941
0 0.742624 0.808992 0.018698 0.024229
0 0.735946 0.778369 0.019588 0.024902
0 0.752863 0.789137 0.017807 0.027595
0 0.761544 0.818414 0.020033 0.025575
0 0.755980 0.873940 0.019588 0.027595
0 0.774900 0.886055 0.019143 0.028941
0 0.769335 0.856441 0.019588 0.024902
0 0.776458 0.833221 0.019588 0.025575
0 0.787810 0.865864 0.018253 0.027595
0 0.804950 0.879324 0.017807 0.027595
0 0.794711 0.841971 0.017807 0.024229
0 0.788478 0.815049 0.019588 0.025575
0 0.812963 0.856777 0.020479 0.025575
0 0.822758 0.892112 0.018698 0.028941
0 0.841901 0.905909 0.020479 0.025575
0 0.850137 0.883699 0.021814 0.028268
0 0.863047 0.864181 0.022705 0.028268
0 0.832106 0.865527 0.017807 0.026922
0 0.807176 0.826827 0.018698 0.024902
0 0.824538 0.835913 0.020479 0.025575
0 0.845907 0.850047 0.019588 0.028268
0 0.857927 0.828510 0.020479 0.026922
0 0.835668 0.820433 0.019588 0.025575
0 0.817860 0.806300 0.019588 0.026922
0 0.770003 0.794858 0.017362 0.025575
0 0.798940 0.794521 0.018253 0.026248
0 0.784471 0.781734 0.017807 0.024902
0 0.802279 0.767936 0.019588 0.025575
0 0.709680 0.678086 0.018698 0.026248
0 0.723036 0.703325 0.018698 0.026922
0 0.735501 0.726881 0.018698 0.025575
0 0.742847 0.755485 0.019143 0.024902
0 0.759764 0.765917 0.019143 0.025575
0 0.774900 0.754812 0.018253 0.027595
0 0.753976 0.738323 0.020033 0.025575
0 0.768000 0.725872 0.020479 0.026248
0 0.745072 0.707700 0.020033 0.024902
0 0.731939 0.683807 0.019588 0.026922
0 0.717916 0.657222 0.020033 0.027595
0 0.737059 0.657558 0.019143 0.026922
0 0.752195 0.684143 0.019143 0.024902
0 0.769335 0.698277 0.019588 0.027595
0 0.756647 0.661260 0.019143 0.024902
0 0.777571 0.664625 0.020924 0.026248
0 0.718806 0.634002 0.020033 0.024229
0 0.738395 0.629964 0.019143 0.026922
0 0.758205 0.635684 0.017807 0.026248
0 0.775345 0.637367 0.017362 0.025575
0 0.715022 0.609773 0.018698 0.025575
0 0.734165 0.606407 0.018698 0.025575
0 0.752863 0.613474 0.016917 0.023556
0 0.767554 0.606744 0.017807 0.024902
0 0.782913 0.616839 0.019143 0.026248
0 0.715913 0.582514 0.018698 0.026248
0 0.735946 0.581841 0.019588 0.026248
0 0.753754 0.588235 0.018698 0.025575
0 0.766887 0.576794 0.019143 0.022883
0 0.719697 0.558622 0.020033 0.025575
0 0.737949 0.554583 0.018253 0.025575
0 0.755534 0.561650 0.018698 0.023556
0 0.720587 0.532037 0.019143 0.026248
0 0.715468 0.504779 0.018698 0.025575
0 0.743514 0.532037 0.018698 0.024902
0 0.764883 0.541459 0.019588 0.027595
0 0.784026 0.543815 0.018698 0.030960
0 0.735946 0.509490 0.019588 0.025575
0 0.755534 0.515211 0.017807 0.023556
0 0.714132 0.477857 0.018698 0.026922
0 0.710793 0.452618 0.018253 0.026248
0 0.706119 0.425697 0.019588 0.027595
0 0.735724 0.485260 0.020033 0.026922
0 0.729046 0.458339 0.019143 0.026922
0 0.729046 0.431754 0.020033 0.026248
0 0.806953 0.554583 0.020033 0.025575
0 0.779574 0.524297 0.019588 0.025575
0 0.755534 0.489972 0.020479 0.026922
0 0.748634 0.465069 0.020033 0.025575
0 0.748857 0.438484 0.019588 0.027595
0 0.776013 0.500067 0.019588 0.025575
0 0.770448 0.475165 0.018253 0.024229
0 0.769780 0.449253 0.019588 0.024902
0 0.767109 0.421995 0.019588 0.028268
0 0.802279 0.530017 0.019588 0.026248
0 0.797382 0.505788 0.020479 0.024902
0 0.789591 0.480549 0.019143 0.025575
0 0.791372 0.454974 0.019143 0.025575
0 0.788478 0.427379 0.020479 0.026922
0 0.825206 0.543815 0.019143 0.026922
0 0.821867 0.518576 0.019588 0.026248
0 0.816525 0.494346 0.020479 0.027595
0 0.813186 0.469781 0.020924 0.026922
0 0.810960 0.444205 0.020924 0.025575
0 0.809625 0.419303 0.019143 0.026922
0 0.843459 0.534392 0.019143 0.026922
0 0.839452 0.509490 0.020924 0.026922
0 0.837226 0.485934 0.020033 0.025575
0 0.830771 0.460358 0.018698 0.025575
0 0.830326 0.433773 0.019588 0.027595
0 0.830993 0.406515 0.020033 0.026922
0 0.864382 0.540786 0.020924 0.026248
0 0.861266 0.516557 0.020924 0.027595
0 0.859263 0.490981 0.020479 0.026248
0 0.852140 0.467425 0.020479 0.026248
0 0.849691 0.443196 0.020924 0.027595
0 0.852808 0.416274 0.020924 0.026248
0 0.882413 0.555593 0.018698 0.024902
0 0.883971 0.529344 0.020033 0.026248
0 0.880632 0.503432 0.018698 0.025575
0 0.877738 0.479876 0.020033 0.025575
0 0.870392 0.453964 0.020479 0.026248
0 0.876180 0.429062 0.020479 0.027595
0 0.893320 0.579822 0.020924 0.024902
0 0.901110 0.555593 0.018698 0.026248
0 0.904672 0.530354 0.021369 0.025575
0 0.898884 0.505452 0.018698 0.025575
0 0.902001 0.477521 0.021369 0.026248
0 0.891316 0.451609 0.020479 0.026922
0 0.909124 0.596985 0.019588 0.024229
0 0.916469 0.575784 0.020924 0.023556
0 0.923815 0.554920 0.020479 0.026248
0 0.926041 0.531027 0.020479 0.022883
0 0.917582 0.505452 0.020479 0.025575
0 0.912017 0.439830 0.020033 0.026248
0 0.916247 0.462714 0.021369 0.024902
0 0.926709 0.483241 0.020924 0.022883
0 0.919586 0.618522 0.021814 0.024229
0 0.931606 0.599004 0.020924 0.025575
0 0.938729 0.576794 0.020924 0.022883
0 0.944293 0.554247 0.020479 0.024902
0 0.945852 0.530017 0.020924 0.024902
0 0.944071 0.502086 0.021814 0.025575
0 0.963659 0.557276 0.020033 0.025575
0 0.958985 0.582514 0.020479 0.024902
0 0.951639 0.605734 0.020924 0.024229
0 0.941622 0.624916 0.019588 0.023556
0 0.929602 0.643088 0.021369 0.024902
0 0.944071 0.659577 0.020033 0.024229
0 0.956981 0.640059 0.021814 0.025575
0 0.968779 0.623570 0.021369 0.024902